Time	Pelvis_x	Pelvis_y	Pelvis_z	UppLeg_x	UppLeg_y	UppLeg_z	LowLeg_x	LowLeg_y	LowLeg_z		Foot_x	Foot_y	Foot_z
11:14:59.372294	0.18	-14.05	1.02	-1.62	-12.13	0.28	1.22	-11.31	-5.08	7.66	-13.38	-2.79
11:14:59.382848	-2.84	-12.74	0.7000000000000001	-2.57	-11.83	-0.29	0.96	-12.6	-5.75	7.2700000000000005	-16.490000000000002	-2.3000000000000003
11:14:59.393396	-3.79	-11.58	1.09	-3.1	-11.57	-0.81	0.76	-12.89	-5.01	8.53	-17.66	0.08
11:14:59.403505	-3.42	-10.94	1.33	-3.0700000000000003	-11.3	-1.49	0.88	-13.97	-4.03	11.67	-16.79	-1.0
11:14:59.413591	-2.14	-10.39	1.6400000000000001	-2.22	-9.93	0.07	-0.6	-14.3	-3.24	12.96	-17.29	0.06
11:14:59.423736	0.67	-9.08	2.32	-1.02	-9.03	1.25	-2.0300000000000002	-14.42	-1.93	9.870000000000001	-15.82	3.43
11:14:59.434433	1.68	-8.69	2.56	-0.43	-7.65	2.37	-3.29	-13.41	-3.1	7.4	-14.86	0.43
11:14:59.444500	1.79	-8.75	2.05	-0.29	-6.11	4.01	-5.38	-11.74	-3.23	4.13	-14.200000000000001	-2.5
11:14:59.454693	1.35	-8.97	1.74	0.15	-7.12	1.93	-5.42	-12.66	1.55	0.38	-15.67	-5.71
11:14:59.465304	0.87	-9.11	1.41	0.38	-8.57	0.61	-5.95	-13.81	3.83	-0.15	-16.98	-4.6000000000000005
11:14:59.475414	0.5	-9.32	0.98	2.07	-11.790000000000001	0.61	-7.37	-13.4	4.83	4.84	-12.59	-0.53
11:14:59.485586	0.08	-9.78	0.05	3.44	-13.58	1.28	-7.37	-13.4	4.83	10.870000000000001	-7.3100000000000005	5.24
11:14:59.495681	-0.16	-10.0	-0.34	4.2700000000000005	-14.57	2.47	-4.28	-10.41	9.450000000000001	14.73	-1.1400000000000001	13.72
11:14:59.505845	-0.59	-10.15	-0.63	4.42	-15.11	3.23	-2.16	-10.44	8.32	5.38	-1.86	13.27
11:14:59.516395	-1.6300000000000001	-10.14	-0.8	3.72	-15.120000000000001	2.33	-0.02	-11.38	4.4	4.05	-6.8100000000000005	9.5
11:14:59.526511	-1.99	-9.99	-0.6	3.93	-14.32	1.68	-2.0300000000000002	-9.64	3.8000000000000003	4.15	-5.67	11.47
11:14:59.536639	-2.1	-9.83	-0.36	4.25	-13.07	1.59	-3.13	-8.28	4.33	8.09	-4.03	11.35
11:14:59.547359	-1.85	-9.76	-0.03	4.3100000000000005	-11.42	1.41	-3.64	-7.33	4.37	6.73	-3.97	9.82
11:14:59.557434	-1.16	-9.76	0.5700000000000001	4.01	-10.82	1.76	-4.4	-5.98	5.3100000000000005	4.4	-3.77	9.4
11:14:59.567502	-0.97	-9.67	0.85	3.81	-10.16	1.8800000000000001	-4.43	-5.72	5.5	3.7800000000000002	-2.19	8.76
11:14:59.577576	-0.8300000000000001	-9.52	1.03	3.37	-9.47	1.93	-3.95	-5.74	5.4	4.2	-1.41	9.05
11:14:59.587704	-0.76	-9.1	1.23	3.13	-8.870000000000001	1.76	-2.4	-6.01	4.7700000000000005	6.65	-5.19	7.8
11:14:59.597776	-0.76	-8.94	1.2	3.08	-8.67	1.67	-2.15	-6.16	5.09	6.67	-6.42	7.04
11:14:59.607882	-0.73	-8.870000000000001	1.1400000000000001	2.94	-8.700000000000001	1.52	-2.13	-6.28	5.5600000000000005	5.93	-6.95	5.87
11:14:59.617953	-0.73	-8.620000000000001	1.1400000000000001	2.97	-8.31	1.33	-2.22	-6.3500000000000005	6.08	5.5200000000000005	-7.21	5.25
11:14:59.628028	-0.73	-8.51	1.06	2.89	-8.31	1.41	-2.08	-6.68	6.16	5.93	-7.99	4.8
11:14:59.638112	-0.77	-8.4	1.02	2.91	-8.18	1.25	-2.0100000000000002	-6.88	6.0200000000000005	6.15	-8.59	4.42
11:14:59.648180	-0.8	-8.3	0.86	2.83	-8.08	1.0	-1.93	-7.18	6.38	6.09	-9.72	3.7
11:14:59.658284	-0.98	-8.25	0.59	2.93	-7.9	0.29	-1.98	-7.61	7.11	5.89	-11.07	2.99
11:14:59.668354	-1.11	-8.22	0.43	3.15	-7.51	0.31	-1.58	-8.120000000000001	7.2	6.0	-12.84	2.17
11:14:59.678428	-1.2	-8.19	0.26	3.2800000000000002	-7.04	0.6900000000000001	-1.34	-8.26	7.3100000000000005	6.11	-13.83	1.6
11:14:59.688511	-1.42	-8.28	-0.06	4.51	-6.25	0.84	-1.11	-8.64	7.3500000000000005	6.62	-14.89	1.1
11:14:59.698581	-1.53	-8.14	-0.18	4.64	-5.76	1.29	-0.67	-9.98	7.75	7.12	-16.13	0.5
11:14:59.708652	-1.54	-8.24	-0.29	4.76	-5.53	1.58	-0.58	-10.540000000000001	7.88	8.66	-18.900000000000002	-1.43
11:14:59.718720	-1.7	-8.42	-0.43	4.71	-5.2	1.49	-0.7000000000000001	-10.86	7.8100000000000005	8.83	-20.400000000000002	-2.86
11:14:59.728796	-1.87	-8.31	-0.43	5.14	-4.84	1.6400000000000001	-0.91	-10.76	7.33	8.66	-21.67	-4.5
11:14:59.738873	-1.61	-8.19	-0.47000000000000003	4.5200000000000005	-5.11	1.07	-1.07	-10.64	6.86	8.43	-22.05	-6.23
11:14:59.748945	-1.83	-8.17	-0.28	3.34	-5.42	0.53	-1.71	-10.77	7.53	7.5600000000000005	-21.44	-9.97
11:14:59.759013	-1.6300000000000001	-7.86	-0.2	-0.31	-7.4	-1.16	-2.12	-11.35	7.94	6.93	-20.85	-11.47
11:14:59.769082	-1.6400000000000001	-7.930000000000001	-0.12	-1.6400000000000001	-8.07	-1.81	-1.49	-12.74	7.6000000000000005	6.47	-20.72	-12.98
11:14:59.779151	-1.71	-8.18	-0.04	-3.24	-8.950000000000001	-2.42	-0.89	-12.0	7.01	5.89	-21.1	-14.76
11:14:59.789281	-1.62	-8.55	-0.04	-4.58	-9.99	-2.74	-0.63	-11.0	5.79	2.5	-21.6	-18.92
11:14:59.799433	-1.96	-9.52	0.21	-4.93	-11.01	-0.42	-0.97	-9.85	4.65	-0.2	-20.8	-20.94
11:14:59.809524	-2.14	-9.93	0.36	-4.99	-11.33	2.05	-2.33	-8.24	3.0700000000000003	-2.33	-19.490000000000002	-22.82
11:14:59.819654	-2.2800000000000002	-10.25	0.54	-5.54	-12.18	4.58	-1.57	-6.92	2.39	-2.58	-17.8	-24.400000000000002
11:14:59.829748	-2.6	-10.75	1.11	-7.54	-13.75	5.46	-0.19	-6.09	2.09	0.0	-13.780000000000001	-27.25
11:14:59.840300	-2.75	-10.9	1.41	-8.48	-14.07	3.0100000000000002	0.36	-5.01	1.3900000000000001	-0.45	-12.09	-27.75
11:14:59.850394	-2.84	-10.950000000000001	1.73	-8.6	-13.57	-0.08	-0.16	-5.25	1.3900000000000001	-3.39	-11.78	-27.54
11:14:59.860468	-2.84	-10.91	2.2600000000000002	-7.9	-12.96	-2.2800000000000002	-0.73	-5.79	1.6600000000000001	-6.28	-12.48	-27.12
11:14:59.870560	-2.9	-10.82	2.35	-6.3500000000000005	-12.11	-2.5300000000000002	-0.98	-6.08	2.22	-6.83	-12.290000000000001	-23.96
11:14:59.880662	-3.0300000000000002	-10.59	2.37	-5.8100000000000005	-11.75	-1.6500000000000001	-1.08	-6.88	3.46	-4.9	-11.790000000000001	-21.92
11:14:59.890759	-3.33	-10.24	2.2800000000000002	-5.15	-11.13	-0.71	-1.1300000000000001	-7.6000000000000005	4.04	-2.63	-11.66	-19.57
11:14:59.900833	-3.81	-9.72	1.61	-2.79	-9.51	0.33	-1.26	-8.16	4.79	-1.1500000000000001	-12.0	-17.14
11:14:59.910904	-4.01	-9.48	1.17	-1.25	-8.39	1.6300000000000001	-0.29	-12.71	-0.99	-11.97	-29.13	-13.74
11:14:59.920985	-4.0600000000000005	-9.370000000000001	0.67	0.39	-6.95	3.24	4.22	-23.78	-19.66	-10.18	-13.63	7.6000000000000005
11:14:59.931473	-2.5300000000000002	-11.17	0.21	6.78	-19.39	2.06	10.69	-28.26	-14.32	-0.08	-33.35	39.11
11:14:59.941571	-2.44	-13.620000000000001	1.23	3.27	-20.48	0.99	2.92	-22.650000000000002	5.97	-5.34	-34.81	33.63
11:14:59.952277	-2.52	-15.43	2.91	-2.63	-19.42	-0.41000000000000003	-3.43	-2.61	12.14	-6.96	-5.14	-12.57
11:14:59.962384	-1.55	-16.16	4.22	-5.86	-11.26	5.24	9.950000000000001	-5.05	8.48	0.66	-0.97	3.94
11:14:59.972483	0.17	-14.09	4.82	3.0300000000000002	-8.15	5.0	13.55	-7.8100000000000005	4.16	-0.6900000000000001	-16.54	4.42
11:14:59.982552	0.74	-12.25	3.59	9.98	-7.12	-1.09	0.28	-9.99	5.42	7.67	-4.58	-12.700000000000001
11:14:59.992666	0.01	-11.5	2.59	11.08	-5.67	-14.33	-5.73	-11.870000000000001	8.64	-5.0200000000000005	-4.7700000000000005	-2.57
11:15:00.002776	-0.86	-10.32	1.73	10.31	-4.3500000000000005	-0.84	-8.01	-11.35	7.55	-5.68	-4.46	0.02
11:15:00.013224	-0.46	-9.290000000000001	0.6900000000000001	9.36	-5.46	6.73	-8.790000000000001	-10.72	5.82	6.3	-9.5	-2.0300000000000002
11:15:00.023462	0.07	-8.64	-0.18	8.31	-6.98	5.4	-2.38	-8.32	5.49	7.15	-8.57	-0.52
11:15:00.033695	0.47000000000000003	-8.65	-0.6	2.48	-10.15	8.07	1.83	-9.03	3.4	1.9000000000000001	-8.69	-2.33
11:15:00.044331	0.77	-9.790000000000001	-0.88	0.75	-10.620000000000001	7.44	3.04	-10.19	2.58	-0.89	-8.57	-2.04
11:15:00.054433	0.61	-10.28	-0.8300000000000001	-0.53	-10.47	5.99	-0.21	-9.72	4.2	1.05	-8.75	-1.85
11:15:00.064565	0.28	-10.49	-0.63	-1.23	-10.42	3.37	-3.72	-9.6	4.4	3.23	-11.86	-0.88
11:15:00.075180	-0.37	-10.34	0.25	-0.25	-9.77	1.94	-6.42	-10.26	2.36	1.93	-10.370000000000001	-1.43
11:15:00.085635	-0.67	-9.86	1.46	-0.22	-9.09	1.09	-7.01	-10.75	1.11	1.04	-8.8	-1.6500000000000001
11:15:00.096148	-0.67	-9.86	1.46	0.06	-8.38	1.49	-2.65	-9.55	3.0700000000000003	-0.1	-9.8	-1.77
11:15:00.106634	-0.85	-9.1	2.39	1.92	-8.88	1.48	-0.27	-9.59	2.18	2.43	-9.370000000000001	-1.57
11:15:00.116990	-0.9400000000000001	-8.870000000000001	2.46	1.9100000000000001	-9.450000000000001	1.45	-0.27	-9.59	2.18	3.98	-8.94	-1.31
11:15:00.127544	-1.08	-8.69	2.41	2.12	-9.52	1.93	-0.13	-9.76	1.9100000000000001	4.05	-8.99	-2.07
11:15:00.137630	-1.19	-8.4	2.07	2.77	-8.88	3.3000000000000003	-1.28	-9.8	1.36	3.58	-9.61	-2.33
11:15:00.147700	-1.1300000000000001	-8.24	1.8800000000000001	3.23	-8.45	3.2	-2.83	-9.69	1.1400000000000001	3.49	-8.27	-0.63
11:15:00.157775	-1.1	-8.08	1.73	2.81	-8.57	3.19	-4.18	-9.67	1.68	3.49	-8.27	-0.63
11:15:00.167846	-0.98	-7.7700000000000005	1.51	2.24	-8.84	3.15	-3.31	-9.66	1.28	2.35	-8.84	-1.96
11:15:00.177935	-0.92	-7.69	1.43	1.3800000000000001	-9.21	2.56	-1.31	-9.69	1.22	2.35	-8.84	-1.96
11:15:00.188030	-0.86	-7.66	1.36	1.08	-9.48	1.99	1.74	-9.85	1.69	2.96	-9.27	-1.95
11:15:00.198464	-0.89	-7.7	1.33	0.56	-9.450000000000001	1.7	1.74	-9.85	1.69	0.47000000000000003	-10.21	-2.6
11:15:00.208553	-1.12	-7.930000000000001	1.23	0.84	-9.19	1.32	1.6	-10.040000000000001	0.9500000000000001	1.4000000000000001	-8.6	-1.25
11:15:00.218627	-1.3	-8.03	1.3	1.4000000000000001	-9.06	1.51	-0.33	-10.02	1.0	1.4000000000000001	-8.6	-1.25
11:15:00.228746	-1.4000000000000001	-8.1	1.32	1.6400000000000001	-8.8	1.92	-2.5300000000000002	-9.73	1.02	2.3000000000000003	-9.49	-1.94
11:15:00.238850	-1.6400000000000001	-8.13	1.6500000000000001	1.94	-8.78	2.07	-2.7	-9.76	1.18	1.57	-9.28	-1.9000000000000001
11:15:00.248919	-1.6400000000000001	-8.120000000000001	1.75	1.52	-8.89	2.42	-2.47	-9.74	1.25	2.37	-9.67	-2.66
11:15:00.259007	-1.6500000000000001	-8.07	1.8800000000000001	1.52	-8.94	2.44	-1.5	-9.81	1.44	2.37	-9.67	-2.66
11:15:00.269082	-1.61	-8.0	1.96	1.37	-8.75	2.37	-1.03	-9.68	1.3800000000000001	2.54	-9.38	-2.19
11:15:00.279185	-1.49	-7.87	1.97	1.58	-8.59	2.37	-0.9400000000000001	-9.8	1.3900000000000001	2.67	-9.200000000000001	-2.47
11:15:00.289256	-1.43	-7.8500000000000005	1.94	1.49	-8.58	2.47	-1.19	-9.85	1.54	2.49	-9.48	-2.33
11:15:00.299467	-1.46	-7.86	1.84	1.94	-8.68	2.37	-1.12	-9.72	1.9000000000000001	2.49	-9.48	-2.33
11:15:00.309868	-1.58	-7.84	1.58	2.31	-8.93	2.08	-1.02	-10.200000000000001	1.86	2.56	-10.17	-2.37
11:15:00.320401	-1.73	-7.82	1.55	3.0	-9.21	1.5	-1.61	-10.07	1.3800000000000001	5.41	-10.34	-3.22
11:15:00.330566	-1.86	-7.98	1.48	2.96	-9.34	1.09	-1.46	-10.08	1.44	6.65	-9.09	-3.0
11:15:00.340647	-2.05	-8.23	1.54	2.85	-9.120000000000001	1.55	-1.1	-10.09	0.98	4.49	-10.24	-2.43
11:15:00.350708	-2.0300000000000002	-8.72	1.71	2.31	-9.44	2.52	-0.72	-9.92	0.81	2.44	-10.26	-2.86
11:15:00.360785	-2.09	-9.24	1.95	1.61	-9.46	2.09	-0.61	-9.83	0.49	2.44	-10.26	-2.86
11:15:00.370903	-2.06	-9.58	2.33	1.3	-9.44	2.06	0.43	-9.86	-0.38	1.35	-10.38	-2.66
11:15:00.381020	-1.98	-10.38	2.91	0.67	-10.120000000000001	1.79	0.58	-10.05	-0.66	-2.33	-11.75	-2.4
11:15:00.391092	-1.73	-10.700000000000001	2.84	0.62	-10.77	1.41	0.61	-10.19	-0.8	-1.71	-12.66	-2.7
11:15:00.401204	-1.93	-10.96	2.94	0.39	-11.200000000000001	1.43	0.48	-10.870000000000001	-0.8300000000000001	-1.76	-13.22	-2.72
11:15:00.411283	-2.45	-11.290000000000001	2.5100000000000002	0.37	-11.44	2.09	0.09	-11.040000000000001	-0.62	-1.05	-13.3	-2.74
11:15:00.421425	-2.97	-11.28	2.17	-0.32	-11.73	3.13	-0.16	-11.32	-0.58	-1.05	-13.3	-2.74
11:15:00.431851	-3.49	-11.200000000000001	1.95	-0.19	-11.700000000000001	2.98	-0.25	-11.44	-0.71	-1.05	-13.3	-2.74
11:15:00.441943	-3.94	-10.97	1.76	-0.35000000000000003	-11.47	2.96	-0.44	-11.46	-0.76	3.13	-14.11	-2.96
11:15:00.452297	-4.42	-10.43	1.78	-0.35000000000000003	-11.47	2.96	-0.27	-11.49	-0.89	3.13	-14.11	-2.96
11:15:00.462453	-4.34	-10.32	1.87	-0.66	-11.24	3.0300000000000002	-0.17	-11.66	-1.1	3.49	-14.21	-2.98
11:15:00.472516	-3.94	-10.450000000000001	2.14	-1.09	-11.33	4.04	-0.56	-12.14	-1.27	3.6	-15.65	-2.71
11:15:00.482590	-1.1500000000000001	-13.280000000000001	1.2	-2.12	-13.01	4.16	-1.87	-14.620000000000001	-1.86	3.6	-15.65	-2.71
11:15:00.492701	-0.08	-15.17	-0.12	-2.5	-14.22	2.7	-0.07	-15.42	-0.76	3.6	-15.65	-2.71
11:15:00.503129	-0.96	-15.24	-0.48	-2.34	-14.85	0.04	1.51	-15.610000000000001	-2.17	3.6	-15.65	-2.71
11:15:00.513443	-2.86	-14.17	-0.59	-1.76	-14.4	-2.81	2.63	-16.91	-2.5300000000000002	10.88	-21.42	1.3900000000000001
11:15:00.523576	-5.96	-11.16	1.08	-1.52	-13.81	-1.68	2.7	-17.740000000000002	-2.2800000000000002	11.77	-21.3	2.46
11:15:00.534207	-5.37	-10.42	1.62	-1.32	-12.530000000000001	-0.41000000000000003	2.7	-17.740000000000002	-2.2800000000000002	13.040000000000001	-21.21	3.0300000000000002
11:15:00.544338	-3.6	-9.870000000000001	2.13	-1.09	-11.44	0.48	2.7	-17.740000000000002	-2.2800000000000002	12.3	-20.0	8.120000000000001
11:15:00.554905	1.24	-9.33	2.77	0.6900000000000001	-7.930000000000001	1.3900000000000001	2.7	-17.740000000000002	-2.2800000000000002	10.870000000000001	-17.48	8.92
11:15:00.565010	2.94	-9.49	2.95	1.52	-6.5200000000000005	1.37	2.7	-17.740000000000002	-2.2800000000000002	6.43	-15.11	4.78
11:15:00.575181	3.52	-9.89	3.0100000000000002	1.6	-5.92	1.35	2.7	-17.740000000000002	-2.2800000000000002	0.23	-12.540000000000001	-2.41
11:15:00.585254	2.9	-10.370000000000001	2.72	0.88	-8.42	1.61	2.7	-17.740000000000002	-2.2800000000000002	-0.63	-16.8	-8.27
11:15:00.595356	0.36	-10.89	1.85	1.17	-10.25	1.18	2.7	-17.740000000000002	-2.2800000000000002	0.53	-14.02	-1.56
11:15:00.605439	-0.5700000000000001	-10.76	1.29	2.07	-12.06	1.22	2.7	-17.740000000000002	-2.2800000000000002	5.8500000000000005	-5.55	4.96
11:15:00.615511	-0.93	-10.42	0.7000000000000001	3.38	-13.84	2.05	2.7	-17.740000000000002	-2.2800000000000002	5.8500000000000005	-5.55	4.96
11:15:00.625585	-0.8200000000000001	-9.58	-0.13	3.5700000000000003	-15.18	3.0500000000000003	2.7	-17.740000000000002	-2.2800000000000002	13.3	2.44	11.28
11:15:00.636210	-0.77	-9.3	-0.37	2.79	-15.55	1.68	2.7	-17.740000000000002	-2.2800000000000002	1.78	3.08	17.06
11:15:00.646277	-1.78	-9.32	-0.47000000000000003	2.46	-14.96	0.77	2.7	-17.740000000000002	-2.2800000000000002	1.0	-3.31	16.88
11:15:00.656358	-2.06	-9.450000000000001	-0.35000000000000003	4.13	-12.85	1.74	2.7	-17.740000000000002	-2.2800000000000002	1.3	-8.4	9.81
11:15:00.666520	-2.15	-9.540000000000001	-0.14	3.81	-11.92	1.93	2.7	-17.740000000000002	-2.2800000000000002	5.15	-2.93	10.06
11:15:00.677217	-1.98	-9.52	0.03	3.94	-10.870000000000001	1.95	2.7	-17.740000000000002	-2.2800000000000002	5.15	-2.93	10.06
11:15:00.687337	-1.48	-9.21	0.31	3.91	-10.11	1.92	2.7	-17.740000000000002	-2.2800000000000002	5.15	-2.93	10.06
11:15:00.697410	-1.37	-8.85	0.43	4.0	-8.47	1.97	-6.2	-12.69	7.71	5.15	-2.93	10.06
11:15:00.707657	-1.37	-8.85	0.43	4.0	-8.47	1.97	-1.94	-6.94	3.67	5.15	-2.93	10.06
11:15:00.717776	-1.3800000000000001	-8.56	0.53	3.47	-8.120000000000001	1.78	-2.81	-3.92	4.95	5.15	-2.93	10.06
11:15:00.727878	-1.41	-8.17	0.56	2.41	-7.37	1.28	-2.06	-4.22	5.16	-0.04	-5.13	9.53
11:15:00.737998	-1.41	-7.99	0.4	2.48	-7.13	1.5	-2.15	-4.53	5.57	3.12	-2.3000000000000003	8.42
11:15:00.748072	-1.37	-7.99	0.29	2.46	-7.11	1.47	-2.89	-4.96	5.91	3.12	-2.3000000000000003	8.42
11:15:00.758204	-1.44	-8.08	-0.02	2.39	-7.25	1.32	-2.4	-5.63	6.2	6.84	-5.84	6.63
11:15:00.768312	-1.57	-8.09	-0.1	2.33	-7.0600000000000005	0.93	-2.05	-6.03	6.33	4.88	-6.15	5.63
11:15:00.778889	-1.6600000000000001	-8.08	-0.2	2.45	-6.9	0.9500000000000001	-2.05	-6.03	6.33	6.3100000000000005	-7.86	4.57
11:15:00.788960	-1.75	-8.07	-0.36	2.98	-6.61	1.16	-2.05	-6.03	6.33	6.3100000000000005	-7.86	4.57
11:15:00.799090	-1.79	-8.0	-0.37	4.0	-5.6000000000000005	1.51	-2.05	-6.03	6.33	7.94	-8.96	3.79
11:15:00.809203	-1.82	-8.03	-0.35000000000000003	4.8100000000000005	-5.19	1.9000000000000001	-2.05	-6.03	6.33	7.75	-10.31	3.04
11:15:00.819273	-1.78	-7.96	-0.28	4.93	-5.38	1.79	-2.05	-6.03	6.33	6.99	-14.780000000000001	0.55
11:15:00.829710	-1.79	-7.97	-0.12	4.84	-5.3100000000000005	1.47	-0.88	-8.790000000000001	7.01	6.99	-14.780000000000001	0.55
11:15:00.839850	-1.77	-7.95	0.01	4.38	-5.3	1.21	-0.89	-10.34	7.3500000000000005	7.08	-17.25	-0.65
11:15:00.850094	-1.86	-8.06	0.16	4.11	-5.46	0.76	-1.8800000000000001	-11.77	6.8100000000000005	7.08	-17.25	-0.65
11:15:00.860561	-1.76	-7.99	0.58	4.21	-5.75	0.56	-2.0	-11.99	6.01	9.11	-22.07	-5.84
11:15:00.870627	-2.0300000000000002	-8.0	0.79	2.74	-6.43	0.35000000000000003	-2.0	-11.99	6.01	9.27	-22.11	-8.96
11:15:00.880909	-1.81	-7.8500000000000005	0.78	1.73	-7.17	-0.13	-1.8900000000000001	-12.24	5.76	8.950000000000001	-22.23	-10.6
11:15:00.890981	-1.81	-7.8500000000000005	0.78	-0.8200000000000001	-8.07	-0.59	-1.8900000000000001	-12.24	5.76	7.930000000000001	-22.32	-12.05
11:15:00.901055	-1.6600000000000001	-8.370000000000001	0.64	-3.89	-10.18	-2.1	-1.8900000000000001	-12.24	5.76	7.930000000000001	-22.32	-12.05
11:15:00.911134	-1.59	-8.82	0.5700000000000001	-5.5	-11.01	-2.06	-1.8900000000000001	-12.24	5.76	7.930000000000001	-22.32	-12.05
11:15:00.921211	-1.71	-9.32	0.65	-6.66	-11.82	-2.0100000000000002	-1.8900000000000001	-12.24	5.76	1.96	-21.87	-19.28
11:15:00.931334	-1.95	-10.25	0.78	-7.15	-13.450000000000001	3.48	-1.8900000000000001	-12.24	5.76	1.1400000000000001	-19.76	-21.38
11:15:00.941807	-2.24	-10.64	0.89	-7.15	-13.450000000000001	3.48	0.2	-10.73	3.7800000000000002	0.49	-17.22	-23.18
11:15:00.951911	-2.49	-10.84	0.97	-8.18	-13.66	5.0	-2.18	-6.7	0.72	-3.02	-13.51	-25.54
11:15:00.962035	-2.82	-11.14	1.2	-9.700000000000001	-13.16	0.63	-2.18	-6.7	0.72	-6.07	-12.540000000000001	-25.69
11:15:00.972174	-3.02	-11.1	1.33	-8.77	-12.84	-1.36	-2.18	-6.7	0.72	-6.07	-12.540000000000001	-25.69
11:15:00.982699	-3.22	-11.09	1.37	-7.74	-12.51	-2.1	-0.27	-5.8500000000000005	0.58	-8.68	-12.58	-25.490000000000002
11:15:00.992824	-3.5	-10.86	1.41	-6.48	-12.08	-2.27	-0.27	-5.8500000000000005	0.58	-10.03	-13.11	-25.04
11:15:01.002949	-4.0600000000000005	-10.370000000000001	1.24	-4.5200000000000005	-11.120000000000001	-0.39	-0.27	-5.8500000000000005	0.58	-7.18	-12.57	-19.990000000000002
11:15:01.013075	-4.39	-10.15	1.09	-3.35	-10.44	0.58	-0.27	-5.8500000000000005	0.58	-7.18	-12.57	-19.990000000000002
11:15:01.023193	-4.62	-9.83	0.88	-2.5100000000000002	-9.57	1.48	-0.27	-5.8500000000000005	0.58	-2.98	-12.93	-11.200000000000001
11:15:01.033543	-5.04	-9.31	0.33	-0.04	-7.16	3.7	-0.27	-5.8500000000000005	0.58	-3.52	-18.61	-7.87
11:15:01.043830	-5.16	-9.120000000000001	0.01	1.6300000000000001	-5.74	4.25	-0.27	-5.8500000000000005	0.58	-15.92	-19.92	-4.74
11:15:01.054326	-4.98	-8.94	-0.27	3.8200000000000003	-5.07	5.44	-0.27	-5.8500000000000005	0.58	10.84	-16.71	31.3
11:15:01.064548	-4.16	-9.46	-0.55	7.01	-8.9	6.91	-0.27	-5.8500000000000005	0.58	3.31	-25.09	21.03
11:15:01.074734	-2.77	-13.44	1.08	1.06	-21.46	0.88	-0.27	-5.8500000000000005	0.58	3.31	-25.09	21.03
11:15:01.085163	-2.05	-15.35	3.15	1.06	-21.46	0.88	-2.37	-18.39	7.34	3.31	-25.09	21.03
11:15:01.095525	-0.75	-16.43	4.61	-8.94	-18.32	-1.16	-10.47	-9.09	9.31	-22.41	-3.84	-29.29
11:15:01.105765	0.49	-14.34	5.68	1.1400000000000001	-10.17	9.0	-10.47	-9.09	9.31	17.81	-18.34	0.41000000000000003
11:15:01.115839	0.93	-12.96	4.8100000000000005	10.59	-8.19	-0.43	-10.47	-9.09	9.31	14.19	-5.51	2.71
11:15:01.125917	-0.32	-10.1	2.99	12.91	-6.47	-12.1	-10.47	-9.09	9.31	-1.18	-6.86	-13.71
11:15:01.136010	-0.32	-10.1	2.99	14.18	-4.08	-11.94	-2.89	-10.47	7.0600000000000005	-2.16	-2.2	7.68
11:15:01.146128	-0.02	-8.15	-0.47000000000000003	8.81	-5.86	4.41	-3.27	-9.790000000000001	7.32	-2.16	-2.2	7.68
11:15:01.156200	0.39	-8.41	-1.43	7.11	-8.05	5.29	-1.85	-10.03	6.88	10.81	-7.69	0.38
11:15:01.166303	0.34	-10.59	-2.06	3.93	-10.15	6.86	-1.85	-10.03	6.88	1.28	-10.42	-2.59
11:15:01.176409	0.04	-11.38	-1.75	1.57	-11.44	6.4	1.51	-10.41	4.2	-1.29	-8.370000000000001	-1.67
11:15:01.186596	-0.34	-11.66	-1.34	-0.11	-10.91	4.51	0.98	-10.33	2.98	-1.29	-8.370000000000001	-1.67
11:15:01.196713	-0.85	-10.99	-0.12	-0.9400000000000001	-9.96	3.43	0.98	-10.33	2.98	4.8	-9.48	-2.09
11:15:01.206869	-1.1300000000000001	-10.59	0.6	-0.14	-9.18	2.49	-3.92	-9.64	3.06	2.95	-9.73	-1.98
11:15:01.217497	-1.27	-10.15	1.25	1.9000000000000001	-8.31	1.78	-6.48	-9.78	2.99	2.95	-9.73	-1.98
11:15:01.227566	-1.27	-9.74	1.72	1.45	-8.63	2.7	-3.88	-9.85	1.44	2.8000000000000003	-9.39	-1.35
11:15:01.238188	-1.12	-9.290000000000001	2.24	2.02	-8.82	2.47	-3.88	-9.85	1.44	3.33	-9.450000000000001	-1.69
11:15:01.248520	-1.1500000000000001	-8.96	2.34	0.98	-9.64	2.91	-0.18	-10.13	1.9000000000000001	2.69	-9.15	-1.73
11:15:01.258735	-1.22	-8.67	2.34	1.6	-9.49	3.0100000000000002	0.05	-10.06	1.54	2.23	-9.120000000000001	-1.6500000000000001
11:15:01.269159	-1.25	-8.2	1.99	1.54	-9.25	2.68	-0.42	-9.77	1.72	3.0	-9.49	-1.85
11:15:01.279587	-1.23	-8.06	1.81	2.98	-8.75	2.5500000000000003	-0.99	-9.51	2.12	3.02	-9.17	-1.95
11:15:01.289661	-1.18	-7.94	1.6	2.09	-8.89	2.65	-0.72	-9.78	1.49	3.23	-8.84	-1.7
11:15:01.299737	-1.17	-7.8500000000000005	1.42	1.8800000000000001	-9.040000000000001	2.66	-0.8300000000000001	-9.86	1.24	2.63	-9.02	-1.87
11:15:01.309819	-1.29	-7.7700000000000005	1.1300000000000001	1.99	-9.200000000000001	2.4	-1.01	-10.09	1.28	1.82	-9.41	-1.95
11:15:01.319977	-1.36	-7.76	1.08	1.41	-9.290000000000001	1.92	-1.48	-9.96	0.72	1.59	-9.72	-2.09
11:15:01.330043	-1.46	-7.8100000000000005	1.0	1.24	-9.23	1.84	-1.99	-9.73	0.8200000000000001	1.7	-9.5	-1.9000000000000001
11:15:01.340206	-1.61	-7.9	1.03	0.7000000000000001	-9.03	1.94	-2.32	-9.61	0.85	1.83	-9.48	-2.07
11:15:01.350271	-1.68	-7.86	1.09	0.8300000000000001	-8.63	2.22	-2.3000000000000003	-9.57	0.87	2.21	-9.47	-2.08
11:15:01.360374	-1.84	-7.8	1.1500000000000001	0.6900000000000001	-8.56	2.58	-1.28	-9.51	0.4	2.65	-9.42	-2.16
11:15:01.370443	-1.87	-7.76	1.2	0.75	-8.59	2.58	-0.99	-9.540000000000001	0.19	2.91	-9.290000000000001	-1.95
11:15:01.380519	-1.85	-7.79	1.26	0.92	-8.51	2.79	-1.45	-9.61	0.46	3.15	-9.14	-1.9100000000000001
11:15:01.390644	-1.81	-7.79	1.29	1.21	-8.43	3.3200000000000003	-2.17	-9.57	0.53	2.71	-9.44	-2.23
11:15:01.400719	-1.79	-7.88	1.26	1.1	-8.51	3.15	-1.9000000000000001	-9.67	0.81	2.37	-9.540000000000001	-2.2800000000000002
11:15:01.410800	-1.79	-7.88	1.26	0.9400000000000001	-8.76	2.87	-1.24	-9.620000000000001	1.04	1.68	-9.56	-2.27
11:15:01.420866	-1.79	-7.88	1.26	0.86	-9.11	2.0100000000000002	-0.65	-9.51	0.9400000000000001	1.4000000000000001	-9.72	-2.37
11:15:01.430950	-1.79	-7.88	1.26	1.2	-9.17	1.52	-0.67	-9.55	0.35000000000000003	1.8	-9.66	-2.25
11:15:01.441022	-1.79	-7.88	1.26	1.35	-9.09	1.09	-1.18	-9.49	0.41000000000000003	2.07	-9.69	-2.38
11:15:01.451140	-1.79	-7.88	1.26	1.7	-9.05	1.05	-1.03	-9.58	0.28	2.2	-10.07	-2.47
11:15:01.461896	-1.9100000000000001	-8.17	1.16	1.83	-9.15	1.4000000000000001	-1.12	-9.51	0.29	2.47	-10.22	-2.36
11:15:01.471963	-1.84	-8.4	1.12	1.26	-9.33	2.52	-1.46	-9.73	0.29	2.12	-10.01	-2.27
11:15:01.482146	-1.84	-8.4	1.12	1.08	-9.120000000000001	2.82	-1.6	-9.69	0.29	2.16	-10.13	-2.6
11:15:01.492771	-1.8800000000000001	-9.85	1.72	1.3	-9.200000000000001	3.06	-1.48	-9.65	0.32	2.17	-10.92	-2.61
11:15:01.502907	-1.84	-10.290000000000001	1.82	1.48	-9.3	3.13	-2.21	-9.68	-0.2	5.86	-10.1	-3.66
11:15:01.513018	-1.76	-10.69	1.95	1.55	-9.36	3.61	-2.09	-9.89	-0.12	2.27	-11.22	-3.1
11:15:01.523149	-1.93	-10.8	1.96	1.6600000000000001	-9.94	3.72	-1.93	-10.19	-0.03	2.18	-11.370000000000001	-2.92
11:15:01.533795	-2.18	-10.84	1.8800000000000001	1.54	-10.43	3.25	-0.8300000000000001	-10.55	-0.21	1.44	-12.05	-2.83
11:15:01.543929	-2.58	-10.84	1.79	1.6	-10.9	2.79	-0.41000000000000003	-10.73	-0.17	-0.08	-13.31	-2.7800000000000002
11:15:01.554028	-3.49	-10.81	1.78	1.09	-11.75	3.35	-0.14	-11.040000000000001	0.17	-0.13	-14.290000000000001	-2.91
11:15:01.564681	-3.86	-10.82	1.99	1.09	-12.14	3.04	0.17	-11.6	0.62	0.52	-14.08	-2.88
11:15:01.574833	-4.12	-10.89	2.21	1.06	-12.19	2.6	0.43	-12.01	0.81	0.68	-14.290000000000001	-2.77
11:15:01.585489	-4.12	-10.89	2.21	0.91	-11.94	2.24	0.7000000000000001	-11.69	0.56	0.68	-14.290000000000001	-2.77
11:15:01.595580	-4.03	-10.47	3.18	0.09	-11.41	2.25	0.63	-11.46	0.25	0.68	-14.290000000000001	-2.77
11:15:01.605708	-4.03	-10.47	3.18	-0.6	-11.290000000000001	2.21	0.19	-11.42	-1.01	0.68	-14.290000000000001	-2.77
11:15:01.615973	-4.03	-10.47	3.18	-1.44	-11.25	2.66	-0.25	-11.9	-1.55	0.68	-14.290000000000001	-2.77
11:15:01.626039	-0.9	-12.34	2.0100000000000002	-2.97	-11.98	3.34	-1.6300000000000001	-12.74	-2.46	0.68	-14.290000000000001	-2.77
11:15:01.636381	0.02	-13.9	0.27	-3.08	-13.06	2.05	-1.6500000000000001	-13.82	-3.0300000000000002	8.31	-17.56	-2.34
11:15:01.646626	-1.1400000000000001	-13.84	-0.29	-3.13	-13.65	0.6900000000000001	2.18	-14.23	-3.17	11.06	-16.8	-1.19
11:15:01.656780	-4.3	-12.13	-0.66	-3.08	-13.65	-0.36	2.18	-14.23	-3.17	11.11	-18.86	-0.31
11:15:01.666911	-4.97	-11.1	-0.18	-2.86	-12.91	-2.42	3.11	-15.51	-3.1	11.93	-21.150000000000002	1.54
11:15:01.677040	-4.36	-10.36	0.27	-2.79	-12.21	-2.77	1.43	-17.44	-3.96	12.77	-20.68	3.85
11:15:01.687532	-2.68	-9.8	0.6900000000000001	-2.3000000000000003	-11.120000000000001	-1.27	1.43	-17.44	-3.96	12.77	-20.68	3.85
11:15:01.697607	1.21	-8.9	1.47	-0.22	-9.27	0.76	0.21	-16.91	-4.5	12.77	-20.68	3.85
11:15:01.707697	2.37	-8.6	1.77	0.8300000000000001	-7.82	1.52	-4.44	-13.67	-2.04	6.59	-18.05	6.83
11:15:01.717821	2.59	-8.53	2.0100000000000002	1.52	-6.48	1.76	-4.44	-13.67	-2.04	2.45	-14.63	4.47
11:15:01.727917	1.47	-9.02	2.02	2.0100000000000002	-7.42	0.9	-6.42	-10.49	4.5	-1.45	-12.06	1.76
11:15:01.738100	0.74	-9.26	2.02	2.38	-9.71	-0.04	-5.01	-11.89	8.05	-1.28	-13.11	-3.06
11:15:01.748703	0.2	-9.48	1.87	2.41	-11.72	-0.03	-4.5200000000000005	-10.870000000000001	8.28	3.0500000000000003	-9.15	1.72
11:15:01.758825	-0.21	-10.01	1.33	3.18	-13.39	0.96	-4.86	-10.24	9.27	10.61	-0.64	6.61
11:15:01.768995	-0.36	-10.23	0.97	5.12	-15.55	4.47	-4.42	-9.51	9.58	13.91	7.65	15.26
11:15:01.779069	-0.36	-10.23	0.97	4.0600000000000005	-15.790000000000001	4.16	-0.51	-10.03	5.46	11.72	11.21	21.650000000000002
11:15:01.789379	-1.23	-10.44	0.22	2.94	-16.54	2.04	-0.51	-10.03	5.46	11.72	11.21	21.650000000000002
11:15:01.799609	-2.43	-10.31	-0.24	2.41	-13.94	0.61	0.17	-9.85	2.8000000000000003	2.02	-6.7	13.99
11:15:01.809716	-2.77	-10.13	-0.27	2.97	-12.57	0.77	-2.61	-5.9	3.74	1.25	-6.5600000000000005	10.6
11:15:01.819985	-2.81	-9.93	-0.21	3.42	-11.700000000000001	0.7000000000000001	-3.25	-4.68	4.61	2.18	-3.98	10.92
11:15:01.830058	-2.07	-9.48	0.05	3.81	-10.63	0.9400000000000001	-3.52	-3.63	5.19	1.46	-2.89	9.39
11:15:01.840129	-1.73	-9.19	0.19	3.99	-9.01	1.29	-2.7800000000000002	-3.24	5.23	1.46	-2.89	9.39
11:15:01.850260	-1.59	-8.91	0.3	3.6	-8.34	1.2	-1.3	-4.05	4.54	1.46	-2.89	9.39
11:15:01.860375	-1.59	-8.72	0.41000000000000003	3.36	-7.96	0.85	-0.66	-4.48	4.3	2.47	-6.04	9.19
11:15:01.870486	-1.78	-8.47	0.53	2.94	-7.8100000000000005	0.64	-0.19	-4.79	4.99	2.31	-6.54	6.19
11:15:01.880556	-1.78	-8.47	0.53	3.16	-7.54	0.46	-0.89	-5.58	6.13	2.31	-6.54	6.19
11:15:01.890623	-1.83	-8.35	0.56	2.93	-7.38	0.42	-1.24	-5.7700000000000005	6.19	2.31	-6.54	6.19
11:15:01.900699	-1.75	-8.36	0.44	2.7800000000000002	-7.51	0.29	-1.3	-6.22	6.13	2.31	-6.54	6.19
11:15:01.910786	-1.71	-8.39	0.34	2.42	-7.54	0.19	-1.07	-6.46	6.16	2.31	-6.54	6.19
11:15:01.920913	-1.78	-8.45	0.2	2.2800000000000002	-7.54	0.18	-0.36	-7.03	6.59	3.33	-8.6	5.36
11:15:01.930993	-1.82	-8.49	0.02	2.5	-7.38	0.37	0.07	-7.4	6.92	4.25	-9.55	4.73
11:15:01.941064	-2.14	-8.4	-0.21	3.22	-5.88	0.68	-0.07	-8.41	7.28	4.25	-9.55	4.73
11:15:01.951131	-2.19	-8.370000000000001	-0.3	3.84	-5.42	0.8	0.23	-9.27	6.890000000000001	4.25	-9.55	4.73
11:15:01.961206	-2.02	-8.25	-0.42	4.28	-5.01	0.9500000000000001	0.19	-10.4	6.65	7.6000000000000005	-12.31	3.04
11:15:01.971302	-1.95	-8.21	-0.46	4.39	-4.83	1.44	-0.25	-10.48	6.71	5.65	-13.01	2.34
11:15:01.981380	-1.8800000000000001	-8.16	-0.47000000000000003	4.17	-5.04	1.01	-0.52	-10.76	6.7700000000000005	5.65	-13.01	2.34
11:15:01.991473	-1.71	-8.120000000000001	-0.47000000000000003	3.69	-4.86	1.3	-0.79	-11.75	5.73	5.65	-13.01	2.34
11:15:02.001600	-1.74	-8.05	-0.35000000000000003	3.7800000000000002	-5.1000000000000005	1.37	-0.79	-11.75	5.73	2.5	-24.490000000000002	-7.08
11:15:02.011671	-1.75	-7.75	-0.17	2.1	-6.08	1.27	-2.37	-11.83	5.91	1.3900000000000001	-23.72	-8.66
11:15:02.021770	-1.79	-7.78	-0.08	-1.75	-8.19	-0.09	-2.9	-11.93	5.7700000000000005	0.91	-23.31	-10.370000000000001
11:15:02.032421	-1.71	-7.48	0.09	-3.91	-9.17	-0.65	-2.3000000000000003	-11.48	5.54	0.91	-23.31	-10.370000000000001
11:15:02.042660	-1.8800000000000001	-7.87	0.28	-6.87	-10.49	-0.97	-1.32	-10.63	5.46	0.91	-23.31	-10.370000000000001
11:15:02.052731	-2.0100000000000002	-8.34	0.34	-7.71	-10.83	-0.21	-0.81	-9.88	4.62	-1.86	-21.25	-15.5
11:15:02.062799	-2.09	-8.65	0.43	-8.120000000000001	-11.9	1.06	-0.44	-9.32	2.66	-1.77	-18.150000000000002	-21.91
11:15:02.072884	-2.14	-9.64	0.35000000000000003	-7.69	-12.65	4.39	-1.06	-8.92	2.47	-1.77	-18.150000000000002	-21.91
11:15:02.082956	-2.27	-10.15	0.36	-8.21	-13.09	5.68	-0.81	-8.14	2.17	-1.43	-16.07	-22.91
11:15:02.093426	-2.54	-10.540000000000001	0.36	-8.45	-13.36	5.18	-0.25	-6.95	1.26	-1.43	-16.07	-22.91
11:15:02.103819	-2.9	-10.93	0.42	-8.51	-13.36	3.02	0.28	-5.28	0.54	-4.2	-11.16	-23.84
11:15:02.113919	-3.54	-11.31	0.5700000000000001	-7.4	-12.57	-1.76	-0.02	-5.34	0.32	-5.3100000000000005	-11.49	-23.09
11:15:02.124722	-3.73	-11.200000000000001	0.66	-6.49	-12.05	-3.0	-0.49	-5.72	0.7000000000000001	-5.5600000000000005	-11.43	-21.6
11:15:02.135300	-3.8200000000000003	-10.99	0.77	-5.91	-11.36	-3.39	-0.78	-6.32	1.68	-5.5600000000000005	-11.43	-21.6
11:15:02.145475	-4.17	-10.07	0.74	-4.24	-10.47	-1.52	-0.8	-6.8	2.21	-2.14	-11.93	-16.0
11:15:02.155574	-4.43	-9.86	0.66	-3.19	-10.25	-0.28	-0.85	-7.3500000000000005	2.7800000000000002	-1.44	-12.13	-13.93
11:15:02.165669	-4.66	-9.59	0.54	-1.93	-9.65	0.64	-0.96	-7.94	3.39	-1.07	-12.34	-11.78
11:15:02.175781	-4.99	-9.370000000000001	0.26	0.53	-7.84	1.94	-0.61	-8.83	4.37	-3.46	-22.75	-9.120000000000001
11:15:02.186345	-4.8500000000000005	-9.34	0.04	1.92	-6.93	2.71	0.15	-10.450000000000001	2.04	-3.46	-22.75	-9.120000000000001
11:15:02.196435	-3.87	-9.83	-0.29	3.63	-7.82	3.63	2.0300000000000002	-17.0	-8.71	-3.46	-22.75	-9.120000000000001
11:15:02.206509	-2.67	-13.620000000000001	1.54	4.9	-13.59	3.19	8.15	-23.150000000000002	-4.72	-2.58	-39.24	31.57
11:15:02.216583	-2.3000000000000003	-15.13	3.46	-1.1	-20.02	1.62	-1.93	-17.900000000000002	7.140000000000001	1.12	-18.7	14.64
11:15:02.226661	-2.3000000000000003	-15.13	3.46	-6.390000000000001	-18.900000000000002	0.07	-7.69	-9.290000000000001	8.73	4.53	0.63	4.47
11:15:02.236735	-0.74	-15.030000000000001	5.36	-9.290000000000001	-15.74	2.2	-1.6	-4.12	10.89	-2.7	-6.57	2.77
11:15:02.246809	-0.23	-11.91	3.74	6.91	-7.04	4.29	7.33	-8.98	2.0	17.04	-17.17	3.48
11:15:02.256878	-0.93	-11.35	2.68	11.71	-6.16	-4.82	1.6600000000000001	-9.02	4.47	14.67	-6.0	0.23
11:15:02.266980	-1.8800000000000001	-10.8	1.94	12.24	-5.72	-11.48	-3.65	-10.49	7.95	-2.95	-1.7	5.86
11:15:02.277077	-1.82	-9.47	0.05	11.27	-4.61	-3.4	-6.34	-9.66	6.6000000000000005	-1.06	-5.53	-2.23
11:15:02.287515	-1.37	-9.1	-0.99	8.4	-7.26	4.47	-6.34	-9.66	6.6000000000000005	-1.06	-5.53	-2.23
11:15:02.298025	-0.8200000000000001	-9.290000000000001	-1.69	5.42	-8.98	4.96	-4.29	-10.19	7.08	10.05	-8.47	0.12
11:15:02.308137	0.17	-10.91	-1.6600000000000001	1.93	-11.24	7.96	2.8000000000000003	-10.74	3.62	-2.61	-9.790000000000001	-2.46
11:15:02.318234	0.3	-11.53	-1.37	-0.73	-11.72	4.37	2.41	-10.66	2.88	-0.8300000000000001	-7.94	-1.0
11:15:02.328369	0.18	-11.69	-1.06	-1.9000000000000001	-10.93	4.29	0.4	-10.200000000000001	2.6	1.96	-9.77	-2.41
11:15:02.338469	-0.17	-11.38	-0.5700000000000001	-1.1	-9.74	3.5100000000000002	0.4	-10.200000000000001	2.6	4.7700000000000005	-9.59	-1.98
11:15:02.348909	-0.6900000000000001	-10.17	0.58	0.26	-9.0	1.55	-5.5200000000000005	-10.02	2.72	1.22	-9.24	-1.8
11:15:02.358999	-0.85	-9.72	1.18	2.33	-8.64	1.1	-4.78	-10.24	1.6300000000000001	1.22	-9.24	-1.8
11:15:02.369103	-0.8200000000000001	-9.44	1.59	2.93	-8.52	1.81	-3.24	-9.98	1.36	2.29	-9.58	-1.68
11:15:02.379666	-0.67	-9.08	2.09	2.66	-8.81	1.8900000000000001	-0.33	-9.98	2.47	2.79	-9.41	-1.74
11:15:02.389764	-0.72	-8.9	2.22	1.82	-9.38	2.67	0.31	-10.11	1.75	2.79	-9.41	-1.74
11:15:02.400212	-0.9400000000000001	-8.76	2.25	2.06	-9.4	2.45	0.09	-9.97	1.0	2.47	-9.43	-1.72
11:15:02.410312	-1.17	-8.53	2.16	2.38	-9.21	2.2	-1.18	-9.44	1.3900000000000001	2.99	-9.76	-2.06
11:15:02.420386	-1.32	-8.18	1.8	2.24	-8.88	2.15	-1.04	-9.51	0.89	3.38	-9.1	-1.8
11:15:02.430966	-1.25	-8.03	1.56	0.71	-8.53	2.68	-1.26	-9.73	0.32	3.04	-9.11	-1.78
11:15:02.441108	-1.17	-7.94	1.3900000000000001	2.22	-8.81	2.65	-1.86	-9.870000000000001	0.18	2.49	-9.44	-1.96
11:15:02.451246	-1.11	-7.63	1.18	0.22	-9.290000000000001	2.24	-2.33	-9.64	0.49	2.38	-9.18	-1.8
11:15:02.461314	-1.08	-7.61	1.11	0.04	-9.1	2.16	-2.12	-9.59	0.38	2.04	-9.66	-2.23
11:15:02.471383	-1.05	-7.59	1.1	0.14	-9.02	2.05	-1.62	-9.700000000000001	0.4	1.52	-9.39	-1.85
11:15:02.481462	-1.06	-7.57	1.1400000000000001	0.22	-8.870000000000001	1.92	-0.56	-9.450000000000001	0.43	2.0100000000000002	-9.5	-2.1
11:15:02.491649	-1.1300000000000001	-7.62	1.35	0.8200000000000001	-8.52	2.2600000000000002	-0.53	-9.32	0.25	2.0100000000000002	-9.5	-2.1
11:15:02.501773	-1.18	-7.640000000000001	1.5	1.35	-8.57	2.5	-0.77	-9.3	0.15	2.39	-9.43	-2.23
11:15:02.512371	-1.27	-7.67	1.6600000000000001	1.49	-8.72	2.82	-1.19	-9.32	0.12	2.61	-9.26	-2.23
11:15:02.522516	-1.23	-7.7700000000000005	1.86	0.81	-8.78	2.74	-2.14	-9.36	0.47000000000000003	2.48	-9.28	-2.19
11:15:02.532611	-1.27	-7.91	1.93	0.6	-8.78	2.68	-2.19	-9.51	0.58	2.02	-9.450000000000001	-2.34
11:15:02.542728	-1.35	-8.0	1.92	0.27	-8.94	2.61	-1.94	-9.540000000000001	0.67	2.02	-9.450000000000001	-2.34
11:15:02.552850	-1.37	-7.98	1.8	0.52	-8.86	2.37	-1.18	-9.51	1.12	2.02	-9.450000000000001	-2.34
11:15:02.563508	-1.74	-7.97	1.6300000000000001	1.45	-8.93	1.8800000000000001	-0.88	-9.48	1.36	2.02	-9.450000000000001	-2.34
11:15:02.573846	-1.84	-7.930000000000001	1.46	1.93	-8.97	1.74	-0.77	-9.58	1.75	1.73	-9.83	-2.7600000000000002
11:15:02.584587	-1.95	-7.890000000000001	1.35	2.37	-9.120000000000001	1.68	-0.77	-9.65	2.0100000000000002	1.73	-9.83	-2.7600000000000002
11:15:02.594653	-2.0300000000000002	-7.8	1.17	3.52	-9.3	1.81	-1.04	-10.34	2.47	3.19	-10.67	-2.04
11:15:02.604726	-2.0300000000000002	-7.8500000000000005	1.17	3.73	-9.35	1.95	-1.18	-10.47	2.71	2.73	-10.38	-3.7600000000000002
11:15:02.614797	-2.0100000000000002	-7.94	1.16	3.37	-9.370000000000001	2.0	-1.17	-10.290000000000001	2.66	4.65	-10.66	-2.6
11:15:02.624865	-2.11	-8.51	1.32	2.96	-9.120000000000001	1.71	-1.2	-10.63	2.9	5.97	-10.59	-3.29
11:15:02.634992	-1.97	-9.120000000000001	1.34	2.6	-9.21	1.96	-2.05	-9.950000000000001	1.17	1.72	-10.540000000000001	-3.69
11:15:02.645054	-2.23	-9.48	1.82	2.22	-9.200000000000001	2.59	-1.6400000000000001	-9.63	1.06	-0.87	-10.84	-3.11
11:15:02.655130	-2.18	-10.36	2.16	1.68	-9.13	2.68	-0.98	-9.98	0.51	-0.59	-11.02	-2.39
11:15:02.665225	-2.07	-10.58	2.23	0.8200000000000001	-10.14	2.17	-0.21	-9.63	-0.41000000000000003	-1.76	-12.57	-2.87
11:15:02.675334	-1.99	-10.94	2.21	0.25	-10.81	2.16	-0.02	-9.89	-0.58	-2.21	-13.22	-2.68
11:15:02.685578	-1.99	-10.94	2.21	-0.05	-11.22	2.82	0.35000000000000003	-10.48	-0.65	-2.21	-13.22	-2.68
11:15:02.695663	-2.48	-11.25	2.43	-0.44	-11.72	2.93	0.35000000000000003	-10.48	-0.65	-2.21	-13.22	-2.68
11:15:02.705782	-2.89	-11.26	2.45	-0.44	-11.73	2.83	0.02	-11.16	-0.72	1.21	-13.950000000000001	-3.02
11:15:02.716220	-3.7	-10.96	2.4	-0.54	-11.700000000000001	2.93	-0.21	-11.32	-0.78	1.99	-14.13	-3.17
11:15:02.726347	-4.04	-10.36	2.29	-0.5	-11.75	2.82	-0.35000000000000003	-11.42	-0.86	2.88	-14.07	-3.06
11:15:02.736431	-3.95	-10.040000000000001	2.27	-0.55	-11.55	2.09	0.04	-11.450000000000001	-1.21	3.5300000000000002	-14.25	-3.09
11:15:02.746497	-3.67	-9.81	2.27	-0.78	-11.4	1.8800000000000001	0.24	-11.450000000000001	-1.36	3.67	-15.15	-2.65
11:15:02.756569	-2.0	-10.92	2.4	-1.2	-11.13	2.0	0.28	-11.77	-1.58	2.89	-16.84	-2.4
11:15:02.766742	-2.0	-10.92	2.4	-1.87	-11.67	3.5500000000000003	-0.56	-12.48	-1.8	1.5	-19.43	-2.32
11:15:02.777424	0.07	-13.200000000000001	0.77	-2.2800000000000002	-13.01	3.19	-1.1400000000000001	-15.370000000000001	-1.16	1.5	-19.43	-2.32
11:15:02.787634	-0.73	-15.34	-1.05	-2.7600000000000002	-14.32	2.63	0.79	-15.83	-0.43	1.5	-19.43	-2.32
11:15:02.797698	-5.13	-12.65	-0.71	-2.86	-15.1	0.97	2.14	-15.81	-1.8900000000000001	12.61	-20.71	1.17
11:15:02.808050	-6.04	-11.620000000000001	0.16	-2.79	-14.23	-1.35	2.69	-17.900000000000002	-2.44	13.57	-22.02	1.75
11:15:02.818118	-5.39	-10.86	0.74	-2.16	-13.02	-2.62	1.19	-18.75	-4.64	13.530000000000001	-22.52	2.73
11:15:02.828222	-0.68	-9.48	1.6300000000000001	-1.48	-11.75	-2.6	-0.37	-18.330000000000002	-4.74	13.530000000000001	-22.52	2.73
11:15:02.838349	1.86	-9.120000000000001	1.93	1.08	-9.24	1.23	-2.84	-14.6	-3.5700000000000003	13.530000000000001	-22.52	2.73
11:15:02.848999	3.38	-9.0	2.2600000000000002	2.04	-7.8	2.56	-5.25	-12.27	-0.07	13.530000000000001	-22.52	2.73
11:15:02.859066	2.97	-9.68	2.72	2.33	-6.72	2.84	-7.15	-9.47	3.79	13.530000000000001	-22.52	2.73
11:15:02.869171	1.74	-10.14	2.66	2.21	-6.640000000000001	2.94	-5.18	-11.6	8.06	13.530000000000001	-22.52	2.73
11:15:02.879275	0.56	-10.540000000000001	2.46	2.3000000000000003	-9.81	1.47	-4.44	-11.99	6.5	13.530000000000001	-22.52	2.73
11:15:02.889415	-0.29	-10.85	2.0100000000000002	2.62	-11.6	1.52	-4.57	-10.69	5.97	13.530000000000001	-22.52	2.73
11:15:02.899518	-1.11	-10.68	1.01	3.66	-13.4	2.0	-4.57	-10.69	5.97	14.06	1.37	9.39
11:15:02.909672	-1.32	-10.43	0.56	3.91	-14.86	2.66	-3.77	-8.950000000000001	9.35	14.06	1.37	9.39
11:15:02.919792	-1.48	-10.200000000000001	0.2	3.04	-14.98	1.3	-1.2	-9.790000000000001	4.33	14.06	1.37	9.39
11:15:02.930286	-1.8800000000000001	-9.69	-0.36	2.38	-15.75	0.2	-0.81	-9.33	2.88	14.06	1.37	9.39
11:15:02.940560	-2.18	-9.450000000000001	-0.43	2.29	-14.530000000000001	0.6	-1.24	-6.87	3.09	1.01	-7.43	10.98
11:15:02.950628	-2.36	-9.32	-0.34	3.73	-11.85	1.25	-1.73	-5.5	4.01	1.01	-7.43	10.98
11:15:02.960697	-2.31	-9.23	-0.27	4.48	-11.120000000000001	0.87	-2.09	-4.48	4.87	1.01	-7.43	10.98
11:15:02.970770	-1.74	-8.98	0.07	4.41	-10.5	0.88	-2.04	-3.6	5.39	1.01	-7.43	10.98
11:15:02.980874	-1.45	-8.76	0.23	4.57	-8.76	0.93	-1.76	-3.25	4.83	1.4000000000000001	-3.37	7.29
11:15:02.990992	-1.37	-8.51	0.38	3.69	-7.78	0.8	-1.3	-3.58	5.0	1.4000000000000001	-3.37	7.29
11:15:03.001112	-1.34	-8.120000000000001	0.55	3.54	-7.49	0.8300000000000001	-1.02	-3.73	4.5600000000000005	1.4000000000000001	-3.37	7.29
11:15:03.011231	-1.34	-8.08	0.5	3.11	-7.18	0.76	-1.34	-4.28	5.36	5.5200000000000005	-5.14	6.73
11:15:03.021334	-1.48	-7.96	0.45	2.96	-7.01	1.01	-1.85	-4.7	5.93	5.5200000000000005	-5.14	6.73
11:15:03.031998	-1.61	-7.9	0.37	2.9	-7.05	1.04	-2.23	-5.0200000000000005	6.37	5.5200000000000005	-5.14	6.73
11:15:03.042082	-1.77	-8.0	0.15	2.19	-7.07	1.22	-2.22	-5.25	6.32	5.5200000000000005	-5.14	6.73
11:15:03.052158	-1.9100000000000001	-8.11	0.05	2.29	-6.91	1.04	-1.25	-6.28	6.16	5.5200000000000005	-5.14	6.73
11:15:03.062230	-2.0100000000000002	-8.16	-0.04	2.52	-6.84	1.18	-0.9	-6.6000000000000005	6.34	5.5200000000000005	-5.14	6.73
11:15:03.072308	-2.17	-8.19	-0.18	3.0700000000000003	-6.51	1.21	-0.8	-6.8500000000000005	7.15	5.5200000000000005	-5.14	6.73
11:15:03.082381	-2.16	-8.23	-0.25	4.03	-5.34	1.17	-0.81	-8.43	7.34	5.5200000000000005	-5.14	6.73
11:15:03.092467	-2.13	-8.24	-0.24	4.46	-5.16	1.54	-0.12	-9.31	7.34	5.5200000000000005	-5.14	6.73
11:15:03.102555	-2.0300000000000002	-8.2	-0.22	4.75	-5.25	1.5	0.11	-9.78	6.99	5.76	-8.44	4.5600000000000005
11:15:03.112644	-1.82	-8.08	-0.05	4.43	-5.25	1.4000000000000001	0.07	-9.86	7.21	5.76	-8.44	4.5600000000000005
11:15:03.122761	-1.82	-8.040000000000001	0.07	4.43	-5.25	1.4000000000000001	0.07	-9.86	7.21	6.92	-20.7	-3.67
11:15:03.133240	-1.81	-8.03	0.22	4.26	-5.17	1.57	-1.34	-11.290000000000001	6.4	6.92	-20.7	-3.67
11:15:03.143338	-2.0	-8.22	0.32	3.41	-5.95	1.1500000000000001	-1.95	-11.59	5.9	6.92	-20.7	-3.67
11:15:03.154058	-1.93	-7.640000000000001	0.46	1.86	-6.69	0.61	-2.5300000000000002	-11.620000000000001	5.8	6.92	-20.7	-3.67
11:15:03.164160	-1.85	-8.21	0.32	-0.11	-7.4	0.04	-2.5	-11.790000000000001	5.46	6.92	-20.7	-3.67
11:15:03.174772	-2.02	-8.07	0.23	-2.41	-8.76	-0.71	-2.2600000000000002	-11.870000000000001	5.2700000000000005	6.92	-20.7	-3.67
11:15:03.184846	-2.0300000000000002	-8.22	0.22	-5.08	-10.26	-1.62	-1.6	-11.46	5.38	6.92	-20.7	-3.67
11:15:03.194996	-1.84	-8.65	0.08	-6.82	-11.25	-1.62	-0.8200000000000001	-10.41	4.11	6.92	-20.7	-3.67
11:15:03.205068	-1.78	-9.08	0.14	-7.71	-11.31	-1.23	-0.67	-10.15	2.98	6.92	-20.7	-3.67
11:15:03.215159	-1.72	-10.0	0.2	-7.94	-12.41	2.32	-1.23	-10.03	2.57	6.92	-20.7	-3.67
11:15:03.225228	-1.92	-10.36	0.29	-7.51	-12.780000000000001	4.8100000000000005	-1.28	-8.1	0.93	6.92	-20.7	-3.67
11:15:03.235330	-2.17	-10.6	0.43	-7.41	-13.38	6.01	-1.28	-8.1	0.93	6.92	-20.7	-3.67
11:15:03.245798	-2.7800000000000002	-10.67	0.67	-7.9	-13.57	4.72	-0.41000000000000003	-6.03	0.0	2.27	-22.22	-14.97
11:15:03.255866	-2.96	-10.950000000000001	0.71	-8.28	-13.1	-0.24	0.19	-5.69	-0.26	0.24	-16.93	-20.37
11:15:03.265957	-3.08	-10.96	0.75	-7.62	-12.72	-1.82	0.37	-5.64	-0.02	0.24	-16.93	-20.37
11:15:03.276053	-3.69	-10.58	0.76	-6.71	-12.09	-2.25	-0.13	-5.71	0.87	0.24	-16.93	-20.37
11:15:03.286659	-3.9	-10.34	0.64	-5.5	-11.21	-1.22	-0.28	-6.13	1.6400000000000001	0.24	-16.93	-20.37
11:15:03.297099	-4.2	-10.17	0.53	-4.64	-10.82	-0.28	-0.23	-7.51	2.9	0.24	-16.93	-20.37
11:15:03.307190	-4.58	-9.8	0.16	-3.58	-10.4	0.21	-0.42	-8.24	3.75	0.24	-16.93	-20.37
11:15:03.317315	-4.09	-10.06	-0.1	-2.11	-9.6	1.33	-0.23	-9.950000000000001	2.79	0.24	-16.93	-20.37
11:15:03.327432	-3.08	-11.48	-0.09	1.83	-9.67	3.34	0.5700000000000001	-13.99	-3.97	0.24	-16.93	-20.37
11:15:03.337610	-2.43	-13.74	0.8300000000000001	3.91	-16.31	2.79	0.76	-21.14	6.76	0.24	-16.93	-20.37
11:15:03.348088	-1.76	-16.6	4.38	1.97	-21.95	0.23	0.76	-21.14	6.76	0.24	-16.93	-20.37
11:15:03.358193	-0.78	-16.56	5.4	-3.66	-18.84	-3.0500000000000003	-1.51	-5.13	8.05	0.24	-16.93	-20.37
11:15:03.368358	-0.14	-15.120000000000001	5.59	-6.640000000000001	-14.72	1.92	10.700000000000001	-7.37	4.58	0.24	-16.93	-20.37
11:15:03.378508	0.1	-11.72	3.17	-3.34	-8.16	16.48	4.88	-8.41	2.61	0.24	-16.93	-20.37
11:15:03.388639	-0.97	-10.85	2.39	4.2	-7.62	14.09	-3.64	-9.32	5.61	0.24	-16.93	-20.37
11:15:03.399181	-1.96	-10.15	1.79	14.51	-4.3	-10.73	-8.69	-9.99	7.4	-4.87	-11.93	-17.69
11:15:03.409281	-2.06	-9.42	0.8200000000000001	12.58	-3.45	-16.32	-7.82	-9.36	7.51	-4.87	-11.93	-17.69
11:15:03.419348	-1.62	-8.23	-1.07	10.56	-3.3200000000000003	-6.49	-4.47	-9.31	6.55	-4.87	-11.93	-17.69
11:15:03.429424	-1.06	-8.09	-1.55	7.0600000000000005	-6.92	5.4	-1.21	-9.13	5.32	-4.87	-11.93	-17.69
11:15:03.439602	-0.45	-8.59	-1.78	6.43	-8.43	6.29	3.52	-10.82	3.47	-4.87	-11.93	-17.69
11:15:03.449743	0.42	-10.09	-1.23	3.16	-10.4	9.5	3.39	-10.63	3.04	-4.87	-11.93	-17.69
11:15:03.460409	0.59	-10.59	-0.93	-0.9400000000000001	-12.200000000000001	8.74	1.78	-10.02	3.37	-4.87	-11.93	-17.69
11:15:03.470479	0.53	-10.72	-0.49	-3.5300000000000002	-11.68	3.0500000000000003	-3.93	-9.950000000000001	3.45	-4.87	-11.93	-17.69
11:15:03.480590	0.11	-10.34	0.64	-2.87	-10.76	3.04	-6.2	-10.52	2.23	6.83	-7.3	-0.8200000000000001
11:15:03.490666	-0.03	-10.03	1.23	0.93	-8.56	0.3	-6.72	-10.57	0.85	6.83	-7.3	-0.8200000000000001
11:15:03.500785	-0.1	-9.64	1.68	0.59	-8.17	0.62	-5.61	-9.56	1.21	6.83	-7.3	-0.8200000000000001
11:15:03.510851	-0.19	-9.32	2.0300000000000002	1.12	-7.74	1.98	-2.22	-9.11	2.92	6.83	-7.3	-0.8200000000000001
11:15:03.521337	-0.52	-9.07	2.35	1.12	-7.74	1.98	-2.22	-9.11	2.92	0.87	-9.78	-1.71
11:15:03.531473	-0.6900000000000001	-9.0	2.37	3.4	-8.74	2.4	-0.62	-9.540000000000001	1.74	3.22	-8.36	-1.3
11:15:03.541548	-0.9400000000000001	-8.82	2.34	3.5	-9.13	2.82	-0.1	-9.73	1.76	4.75	-9.41	-2.05
11:15:03.551917	-1.02	-8.55	1.96	3.22	-8.98	3.36	-0.96	-9.52	1.04	3.31	-8.28	-1.19
11:15:03.561989	-0.93	-8.38	1.73	2.04	-8.76	3.67	-2.5300000000000002	-9.61	0.86	3.31	-8.28	-1.19
11:15:03.572067	-0.85	-8.18	1.58	1.37	-9.01	3.38	-4.28	-9.72	1.16	3.31	-8.28	-1.19
11:15:03.582195	-0.6900000000000001	-8.01	1.44	0.78	-9.09	3.17	-5.09	-9.67	1.0	3.31	-8.28	-1.19
11:15:03.592262	-0.55	-7.82	1.11	0.31	-9.4	2.92	-3.49	-9.6	1.75	3.31	-8.28	-1.19
11:15:03.602346	-0.58	-7.8	0.99	0.11	-9.6	2.41	-1.02	-9.83	1.55	2.86	-9.53	-2.35
11:15:03.612410	-0.66	-7.82	0.9	0.1	-9.56	1.99	1.48	-9.81	1.08	2.86	-9.53	-2.35
11:15:03.622485	-1.03	-7.98	0.84	0.31	-9.27	2.24	0.18	-9.53	0.92	2.86	-9.53	-2.35
11:15:03.632554	-1.17	-8.1	0.86	0.86	-8.34	3.0300000000000002	-1.76	-9.34	1.42	2.86	-9.53	-2.35
11:15:03.642624	-1.28	-8.17	0.91	0.44	-8.81	2.93	-2.93	-9.290000000000001	1.54	2.86	-9.53	-2.35
11:15:03.652730	-1.3800000000000001	-8.2	1.02	0.62	-8.78	2.95	-2.44	-9.67	1.42	2.86	-9.53	-2.35
11:15:03.662798	-1.36	-8.2	1.17	1.09	-8.950000000000001	2.93	-2.27	-9.72	1.26	2.86	-9.53	-2.35
11:15:03.672965	-1.36	-8.14	1.33	1.43	-9.28	2.74	-2.05	-9.78	1.42	2.86	-9.53	-2.35
11:15:03.683051	-1.26	-8.11	1.34	1.8	-9.13	2.67	-0.8200000000000001	-9.86	2.0300000000000002	2.86	-9.53	-2.35
11:15:03.693121	-1.22	-7.99	1.47	1.9100000000000001	-9.03	2.49	-0.56	-10.07	1.9100000000000001	2.86	-9.53	-2.35
11:15:03.703204	-1.1400000000000001	-7.98	1.46	2.98	-8.9	2.46	-0.92	-10.16	1.84	2.86	-9.53	-2.35
11:15:03.713316	-1.16	-7.99	1.48	2.69	-9.07	2.25	-1.34	-10.02	2.2	2.86	-9.53	-2.35
11:15:03.723956	-1.28	-7.78	1.58	2.79	-9.1	1.8800000000000001	-0.93	-10.450000000000001	2.24	2.86	-9.53	-2.35
11:15:03.734052	-1.28	-7.78	1.58	3.1	-9.290000000000001	0.79	-1.1500000000000001	-10.33	1.71	2.86	-9.53	-2.35
11:15:03.744141	-1.28	-7.78	1.58	3.13	-9.39	0.7000000000000001	-1.6300000000000001	-10.200000000000001	1.78	2.86	-9.53	-2.35
11:15:03.754291	-1.32	-7.95	1.73	2.96	-9.43	1.36	-0.93	-10.52	0.9	2.86	-9.53	-2.35
11:15:03.764856	-1.54	-8.48	1.87	2.5500000000000003	-9.61	2.0300000000000002	-0.8200000000000001	-10.32	1.11	2.86	-9.53	-2.35
11:15:03.774924	-1.8	-9.11	2.0100000000000002	1.1300000000000001	-9.84	1.95	-1.09	-9.72	0.51	2.86	-9.53	-2.35
11:15:03.785001	-1.8	-9.11	2.0100000000000002	0.61	-9.88	2.11	-0.32	-10.44	0.41000000000000003	2.86	-9.53	-2.35
11:15:03.795124	-1.8	-9.11	2.0100000000000002	0.33	-10.42	1.83	0.24	-9.92	-0.48	2.39	-10.370000000000001	-2.58
11:15:03.805427	-1.6400000000000001	-10.17	1.97	-0.79	-10.94	1.83	0.12	-10.27	-0.8	2.85	-10.42	-2.29
11:15:03.815539	-1.83	-10.96	1.75	-0.79	-11.11	1.9000000000000001	0.1	-10.21	-1.42	2.85	-10.42	-2.29
11:15:03.825861	-2.47	-11.06	1.48	-1.07	-11.06	2.37	-0.44	-10.200000000000001	-1.61	2.85	-10.42	-2.29
11:15:03.835932	-2.87	-10.700000000000001	1.48	-1.48	-10.92	2.59	-0.46	-10.31	-1.74	2.85	-10.42	-2.29
11:15:03.846007	-3.17	-10.43	1.53	-1.19	-10.86	2.35	-0.27	-10.34	-1.86	2.85	-10.42	-2.29
11:15:03.856090	-3.18	-9.74	1.8	-1.42	-10.78	1.96	-0.13	-10.42	-2.11	2.85	-10.42	-2.29
11:15:03.866161	-2.58	-9.78	2.07	-1.6500000000000001	-10.84	1.71	0.15	-10.57	-2.2	2.85	-10.42	-2.29
11:15:03.876240	-1.27	-10.75	2.2	-1.93	-10.5	2.56	0.21	-11.040000000000001	-2.42	2.85	-10.42	-2.29
11:15:03.886750	-1.27	-10.75	2.2	-2.13	-10.41	4.34	-0.84	-11.86	-2.29	2.85	-10.42	-2.29
11:15:03.896853	0.3	-17.02	-1.9100000000000001	-2.27	-11.620000000000001	4.71	-1.6400000000000001	-15.63	-1.04	-1.6500000000000001	-12.5	-2.89
11:15:03.906996	-3.13	-15.450000000000001	-1.71	-2.58	-13.280000000000001	4.24	0.86	-16.47	0.07	-1.6500000000000001	-12.5	-2.89
11:15:03.917095	-6.57	-13.08	-0.72	-1.94	-15.790000000000001	-1.9000000000000001	2.48	-16.56	-2.09	-0.72	-12.64	-2.66
11:15:03.927708	-6.67	-11.0	1.21	-1.47	-15.49	-3.5100000000000002	2.84	-17.66	-2.21	-0.72	-12.64	-2.66
11:15:03.937851	-2.61	-10.6	1.54	-1.41	-14.61	-1.6600000000000001	1.74	-19.61	-0.8200000000000001	-0.72	-12.64	-2.66
11:15:03.947962	1.33	-10.43	1.85	-0.9400000000000001	-12.59	0.77	0.49	-19.52	-2.99	-0.72	-12.64	-2.66
11:15:03.958044	3.7	-10.14	2.62	0.18	-11.58	1.85	-1.9000000000000001	-15.030000000000001	-4.13	-0.72	-12.64	-2.66
11:15:03.968711	3.7600000000000002	-10.08	3.8200000000000003	1.68	-10.16	2.0100000000000002	-5.18	-12.93	-0.96	-0.72	-12.64	-2.66
11:15:03.978861	2.35	-10.39	3.56	2.87	-7.34	0.59	-7.99	-10.46	2.52	-0.72	-12.64	-2.66
11:15:03.989028	2.35	-10.39	3.56	2.38	-7.37	0.99	-7.22	-10.68	5.62	-0.72	-12.64	-2.66
11:15:03.999713	0.99	-10.51	3.1	2.39	-8.78	1.35	-3.9	-12.0	6.82	-0.72	-12.64	-2.66
11:15:04.009798	-0.63	-10.48	1.81	2.45	-10.69	1.24	-3.2	-11.17	3.97	-0.72	-12.64	-2.66
11:15:04.019872	-0.66	-10.44	1.06	4.3500000000000005	-13.68	1.75	-3.31	-9.49	4.94	-0.72	-12.64	-2.66
11:15:04.029943	-0.55	-10.35	0.44	4.73	-14.61	2.42	-3.97	-7.45	10.49	-0.72	-12.64	-2.66
11:15:04.040010	-0.74	-10.040000000000001	-0.48	3.93	-14.68	2.58	-2.31	-7.24	7.57	-0.72	-12.64	-2.66
11:15:04.050084	-1.21	-9.77	-0.6900000000000001	2.58	-14.41	-0.14	-0.38	-8.35	3.2800000000000002	-0.72	-12.64	-2.66
11:15:04.060165	-1.71	-9.5	-0.72	2.5300000000000002	-13.09	0.06	0.31	-9.05	1.6	-0.72	-12.64	-2.66
11:15:04.070283	-2.0100000000000002	-9.35	-0.71	4.07	-11.77	0.67	-1.3	-6.0	3.97	-0.72	-12.64	-2.66
11:15:04.080362	-1.84	-9.290000000000001	-0.34	4.16	-10.49	0.98	-2.07	-4.78	4.99	-0.72	-12.64	-2.66
11:15:04.090433	-1.84	-9.290000000000001	-0.34	4.22	-9.77	1.22	-2.25	-4.12	5.28	-0.72	-12.64	-2.66
11:15:04.100885	-1.12	-9.13	0.13	4.22	-9.77	1.22	-2.25	-4.12	5.28	6.96	11.35	14.46
11:15:04.111301	-0.89	-8.790000000000001	0.42	3.94	-8.88	1.33	-1.8	-3.41	4.87	6.96	11.35	14.46
11:15:04.121397	-0.88	-8.6	0.46	2.94	-7.86	0.74	-1.59	-3.93	5.16	6.96	11.35	14.46
11:15:04.131475	-0.9500000000000001	-8.47	0.48	2.95	-7.72	0.65	-0.87	-4.45	4.76	6.96	11.35	14.46
11:15:04.141547	-0.9400000000000001	-8.370000000000001	0.38	2.79	-7.5	0.8	-0.38	-5.44	5.42	6.96	11.35	14.46
11:15:04.151620	-0.9500000000000001	-8.22	0.2	2.79	-7.41	0.8300000000000001	-0.6900000000000001	-5.42	6.21	6.96	11.35	14.46
11:15:04.161702	-1.0	-8.22	0.07	2.88	-7.37	0.73	-1.05	-5.54	6.38	6.96	11.35	14.46
11:15:04.171768	-1.1	-8.24	-0.06	3.16	-7.11	0.66	-1.04	-5.72	6.3100000000000005	6.96	11.35	14.46
11:15:04.181842	-1.32	-8.32	-0.25	3.0500000000000003	-6.84	0.8200000000000001	-0.41000000000000003	-6.5	6.16	6.96	11.35	14.46
11:15:04.191916	-1.32	-8.32	-0.25	3.37	-6.33	0.8200000000000001	-0.26	-6.69	6.37	6.96	11.35	14.46
11:15:04.202039	-1.53	-8.34	-0.43	3.37	-6.33	0.8200000000000001	-0.55	-7.44	6.99	6.2	-6.0600000000000005	6.44
11:15:04.212122	-1.58	-8.34	-0.44	4.29	-5.37	1.09	-0.7000000000000001	-8.55	7.21	6.2	-6.0600000000000005	6.44
11:15:04.222187	-1.51	-8.33	-0.43	4.46	-5.08	1.82	-0.5700000000000001	-8.77	7.140000000000001	6.2	-6.0600000000000005	6.44
11:15:04.232260	-1.51	-8.33	-0.43	4.42	-5.08	1.45	-1.02	-9.18	6.86	6.2	-6.0600000000000005	6.44
11:15:04.242330	-1.51	-8.33	-0.43	4.26	-5.07	1.41	-1.21	-9.950000000000001	7.18	6.2	-6.0600000000000005	6.44
11:15:04.252402	-1.68	-8.22	-0.22	3.93	-4.96	1.8	-1.67	-11.61	7.49	6.2	-6.0600000000000005	6.44
11:15:04.262485	-1.79	-8.1	-0.09	3.64	-5.07	1.95	-1.16	-11.72	6.34	6.2	-6.0600000000000005	6.44
11:15:04.272568	-1.83	-7.92	-0.08	2.81	-5.74	1.6600000000000001	-0.67	-11.58	5.91	6.2	-6.0600000000000005	6.44
11:15:04.282640	-1.81	-7.68	-0.07	1.59	-6.5200000000000005	1.19	-0.93	-12.24	6.13	6.2	-6.0600000000000005	6.44
11:15:04.292728	-1.81	-7.68	-0.07	-2.74	-8.92	-0.74	-1.3800000000000001	-13.25	5.45	6.2	-6.0600000000000005	6.44
11:15:04.302840	-1.95	-7.65	-0.08	-4.51	-10.16	-1.94	-1.4000000000000001	-13.72	5.3500000000000005	4.95	-19.45	0.07
11:15:04.312958	-1.95	-7.65	-0.08	-6.29	-10.73	-2.61	-1.32	-12.88	5.36	4.95	-19.45	0.07
11:15:04.323026	-2.06	-8.84	-0.05	-8.32	-12.81	-0.6900000000000001	-0.96	-9.57	3.74	4.95	-19.45	0.07
11:15:04.333191	-2.11	-9.4	-0.02	-8.45	-13.43	1.8900000000000001	-0.93	-8.44	3.18	4.95	-19.45	0.07
11:15:04.343316	-1.99	-9.91	0.0	-8.51	-13.540000000000001	4.66	-0.91	-7.0600000000000005	2.41	4.95	-19.45	0.07
11:15:04.353420	-2.07	-10.77	0.35000000000000003	-8.540000000000001	-13.61	6.09	0.52	-5.47	0.52	4.95	-19.45	0.07
11:15:04.363546	-2.19	-11.040000000000001	0.65	-9.53	-13.63	2.2600000000000002	0.58	-4.91	0.17	4.95	-19.45	0.07
11:15:04.373614	-2.33	-11.13	0.93	-9.09	-13.530000000000001	-0.4	0.52	-4.53	-0.09	4.95	-19.45	0.07
11:15:04.384053	-2.46	-11.11	1.18	-8.02	-13.16	-2.15	0.17	-4.58	0.28	4.95	-19.45	0.07
11:15:04.394231	-2.72	-10.59	1.53	-6.37	-11.73	-3.65	-0.78	-5.71	1.9000000000000001	1.68	-27.740000000000002	-11.950000000000001
11:15:04.404356	-2.88	-10.19	1.42	-6.37	-11.73	-3.65	-0.8300000000000001	-6.46	2.84	-4.79	-13.26	-28.03
11:15:04.414482	-2.88	-10.19	1.42	-5.3	-10.92	-3.16	-0.8300000000000001	-6.46	2.84	-3.1	-11.57	-19.87
11:15:04.424608	-3.81	-9.4	0.7000000000000001	-3.84	-10.14	-1.85	-0.36	-11.540000000000001	-0.47000000000000003	-3.1	-11.57	-19.87
11:15:04.434682	-3.66	-9.5	0.14	2.85	-9.5	3.0300000000000002	1.9000000000000001	-20.69	-15.5	-3.1	-11.57	-19.87
11:15:04.445006	-2.85	-10.51	-0.23	5.47	-16.22	2.49	7.28	-26.04	-14.74	-3.1	-11.57	-19.87
11:15:04.455115	-2.31	-16.54	3.25	3.88	-21.3	-0.99	2.14	-22.13	5.84	-3.1	-11.57	-19.87
11:15:04.465249	-1.72	-17.03	4.55	-4.12	-18.16	-3.33	-2.19	-7.08	8.41	-3.1	-11.57	-19.87
11:15:04.475383	-1.08	-15.81	4.94	-7.38	-12.01	7.83	7.2700000000000005	-5.54	8.040000000000001	-3.1	-11.57	-19.87
11:15:04.485830	-0.62	-11.17	2.0	-1.97	-7.640000000000001	16.77	10.92	-6.19	4.92	-3.1	-11.57	-19.87
11:15:04.495903	-2.04	-10.48	1.29	13.76	-3.48	-3.41	-0.41000000000000003	-7.53	5.14	-6.75	-28.95	24.69
11:15:04.506054	-2.95	-9.99	0.89	13.120000000000001	-3.85	-11.99	-5.62	-8.94	8.05	-6.75	-28.95	24.69
11:15:04.516193	-2.2600000000000002	-8.53	-0.77	9.42	-3.67	-12.61	-8.4	-10.58	8.61	-6.75	-28.95	24.69
11:15:04.526309	-1.76	-8.26	-1.3800000000000001	7.71	-5.39	0.04	-9.98	-10.93	7.62	-6.75	-28.95	24.69
11:15:04.536904	-1.08	-8.620000000000001	-1.37	5.73	-8.73	6.28	-4.5	-9.63	6.24	-6.75	-28.95	24.69
11:15:04.546974	-0.36	-9.6	-1.08	4.38	-10.47	6.66	-0.3	-9.71	5.47	-6.75	-28.95	24.69
11:15:04.557067	0.73	-11.42	-0.55	1.01	-11.91	7.9	2.37	-10.200000000000001	3.71	-6.75	-28.95	24.69
11:15:04.567206	0.8	-11.84	-0.28	-0.9400000000000001	-11.3	4.12	2.33	-10.48	3.04	-6.75	-28.95	24.69
11:15:04.577277	0.49	-11.64	0.05	-1.58	-10.14	3.73	-3.69	-9.94	2.99	-6.75	-28.95	24.69
11:15:04.587379	-0.13	-10.51	0.87	-0.85	-9.450000000000001	4.03	-3.69	-9.94	2.99	-6.75	-28.95	24.69
11:15:04.597879	-0.36	-9.99	1.37	0.04	-9.17	2.93	-6.46	-9.89	2.14	-0.87	-6.47	-2.56
11:15:04.608005	-0.36	-9.99	1.37	0.77	-8.5	0.9	-6.01	-9.950000000000001	2.08	1.3900000000000001	-9.5	-1.78
11:15:04.618432	-0.39	-9.55	1.74	0.03	-8.53	2.07	-3.14	-9.76	3.34	1.58	-9.25	-1.56
11:15:04.628544	-0.42	-9.24	1.96	1.18	-8.950000000000001	2.62	-1.27	-10.120000000000001	3.04	2.19	-10.18	-2.61
11:15:04.638618	-0.8300000000000001	-8.950000000000001	2.15	2.74	-9.88	1.73	-0.06	-10.02	2.33	3.15	-9.11	-1.61
11:15:04.649031	-1.25	-8.93	2.16	3.18	-9.790000000000001	1.62	0.98	-9.77	2.4	2.74	-9.58	-2.13
11:15:04.659104	-1.48	-8.790000000000001	1.9100000000000001	3.7	-9.43	1.72	0.9	-9.790000000000001	1.69	2.45	-9.43	-2.17
11:15:04.669557	-1.42	-8.67	1.72	3.33	-8.93	1.97	0.9	-9.790000000000001	1.69	2.45	-9.43	-2.17
11:15:04.679622	-1.31	-8.53	1.58	2.43	-8.65	2.35	-3.5100000000000002	-9.56	1.22	2.45	-9.43	-2.17
11:15:04.689691	-1.1300000000000001	-8.43	1.42	2.57	-8.81	2.39	-3.94	-9.74	1.1500000000000001	2.45	-9.43	-2.17
11:15:04.700114	-0.8200000000000001	-8.08	1.3	2.31	-9.06	2.69	-3.94	-9.74	1.1500000000000001	1.73	-9.65	-2.27
11:15:04.710236	-0.79	-7.95	1.29	0.46	-9.24	2.56	-1.24	-9.51	1.12	1.73	-9.65	-2.27
11:15:04.720405	-0.77	-7.87	1.29	0.01	-9.15	2.33	-0.54	-9.46	1.1300000000000001	1.73	-9.65	-2.27
11:15:04.731007	-0.84	-7.71	1.4000000000000001	0.13	-8.81	2.31	-0.7000000000000001	-9.53	1.19	1.73	-9.65	-2.27
11:15:04.741084	-0.9	-7.67	1.46	0.54	-8.49	3.14	-1.73	-9.39	1.3	1.73	-9.65	-2.27
11:15:04.751187	-0.98	-7.7	1.54	0.72	-8.58	3.17	-2.0100000000000002	-9.51	1.23	1.73	-9.65	-2.27
11:15:04.761264	-1.07	-7.74	1.59	1.3	-8.8	3.08	-2.18	-9.78	1.2	1.73	-9.65	-2.27
11:15:04.771365	-1.22	-7.9	1.56	1.41	-9.26	3.09	-2.11	-9.99	1.28	1.73	-9.65	-2.27
11:15:04.781436	-1.33	-7.95	1.5	1.34	-9.36	2.66	-1.36	-10.07	1.36	1.73	-9.65	-2.27
11:15:04.791527	-1.48	-7.96	1.53	1.26	-9.21	2.41	-0.8200000000000001	-9.99	1.6	1.73	-9.65	-2.27
11:15:04.801637	-1.61	-7.87	1.51	1.45	-9.09	2.02	-0.47000000000000003	-9.84	1.45	1.72	-9.67	-2.4
11:15:04.811707	-1.57	-7.8100000000000005	1.57	1.97	-8.9	2.11	-1.23	-9.72	1.28	1.72	-9.67	-2.4
11:15:04.821790	-1.48	-7.76	1.57	1.92	-8.99	1.8900000000000001	-1.45	-9.94	1.54	1.72	-9.67	-2.4
11:15:04.831858	-1.3800000000000001	-7.53	1.6600000000000001	2.38	-9.03	1.48	-1.52	-9.99	1.56	1.72	-9.67	-2.4
11:15:04.841928	-1.37	-7.5200000000000005	1.6500000000000001	2.89	-9.33	0.81	-1.58	-10.120000000000001	1.57	1.72	-9.67	-2.4
11:15:04.851996	-1.43	-7.67	1.58	3.2600000000000002	-9.44	1.26	-1.44	-10.16	1.82	1.72	-9.67	-2.4
11:15:04.862083	-1.55	-7.95	1.6	3.0100000000000002	-9.53	1.98	-0.66	-10.200000000000001	1.93	2.33	-9.94	-2.4
11:15:04.872164	-1.83	-8.66	1.6400000000000001	2.7800000000000002	-9.620000000000001	2.47	-0.17	-10.77	1.79	2.33	-9.94	-2.4
11:15:04.882234	-1.98	-9.18	1.67	1.77	-9.94	1.99	-0.09	-9.88	0.96	2.33	-9.94	-2.4
11:15:04.892309	-1.92	-9.48	1.72	1.27	-10.31	1.8800000000000001	0.22	-10.56	0.44	2.33	-9.94	-2.4
11:15:04.902834	-1.9000000000000001	-10.32	1.94	1.27	-10.31	1.8800000000000001	0.2	-10.24	-0.65	-1.17	-11.450000000000001	-3.46
11:15:04.912936	-1.67	-10.75	1.78	0.17	-10.68	1.58	0.22	-9.73	-0.66	-1.17	-11.450000000000001	-3.46
11:15:04.923277	-1.9100000000000001	-11.13	1.87	0.06	-10.85	2.05	-0.22	-10.15	-1.33	-2.2	-12.43	-2.75
11:15:04.933371	-2.1	-11.25	1.84	-0.13	-10.93	2.45	-0.31	-10.32	-1.04	-2.2	-12.43	-2.75
11:15:04.943474	-2.86	-10.8	2.15	-0.15	-10.85	3.33	-0.54	-10.51	-1.21	-2.2	-12.43	-2.75
11:15:04.953587	-3.14	-10.450000000000001	2.32	-0.32	-10.88	3.33	-0.7000000000000001	-10.57	-1.1	-2.2	-12.43	-2.75
11:15:04.963708	-3.3200000000000003	-10.18	2.49	-0.3	-10.97	2.99	-0.48	-10.73	-1.29	-2.2	-12.43	-2.75
11:15:04.974411	-3.36	-9.83	2.88	-0.5	-11.040000000000001	2.74	-0.11	-10.73	-1.42	-2.2	-12.43	-2.75
11:15:04.985002	-3.37	-9.61	3.12	-0.91	-10.98	1.8800000000000001	0.41000000000000003	-10.6	-1.73	-2.2	-12.43	-2.75
11:15:04.995216	-3.14	-9.36	3.22	-1.42	-10.8	1.83	0.66	-11.43	-2.81	1.97	-12.56	-3.0300000000000002
11:15:05.005374	1.05	-13.26	1.81	-2.4	-10.73	3.02	-0.99	-12.56	-2.81	1.97	-12.56	-3.0300000000000002
11:15:05.015526	1.79	-16.02	0.36	-3.3200000000000003	-13.56	1.99	-1.8900000000000001	-14.63	-4.0200000000000005	1.97	-12.56	-3.0300000000000002
11:15:05.026030	1.79	-16.02	0.36	-3.34	-15.14	0.64	2.37	-16.72	-2.59	3.5	-13.01	-3.19
11:15:05.036168	1.79	-16.02	0.36	-3.2800000000000002	-15.65	-0.63	2.37	-16.72	-2.59	11.18	-20.07	-1.9100000000000001
11:15:05.046274	-5.2	-14.19	-0.65	-3.43	-15.65	-2.07	2.31	-18.14	-2.69	11.18	-20.07	-1.9100000000000001
11:15:05.056367	-5.16	-11.19	0.06	-3.54	-13.68	-2.5100000000000002	2.52	-19.3	-1.73	11.18	-20.07	-1.9100000000000001
11:15:05.066921	0.49	-9.69	0.43	-2.06	-12.56	-0.47000000000000003	1.22	-20.82	-4.94	11.18	-20.07	-1.9100000000000001
11:15:05.076998	2.99	-9.21	0.73	-0.2	-10.91	1.5	-3.2800000000000002	-15.99	-6.15	11.18	-20.07	-1.9100000000000001
11:15:05.087064	4.0200000000000005	-8.870000000000001	1.21	1.44	-6.8500000000000005	2.7600000000000002	-3.2800000000000002	-15.99	-6.15	11.18	-20.07	-1.9100000000000001
11:15:05.097476	3.7800000000000002	-8.71	1.68	1.72	-6.03	2.2	-8.73	-11.84	0.5	11.18	-20.07	-1.9100000000000001
11:15:05.107549	1.22	-9.17	2.46	1.9100000000000001	-7.4	1.05	-7.0200000000000005	-11.76	7.46	11.18	-20.07	-1.9100000000000001
11:15:05.117679	0.15	-9.67	2.47	2.2	-9.94	-0.1	-6.2700000000000005	-11.68	7.21	11.18	-20.07	-1.9100000000000001
11:15:05.127798	-0.46	-10.28	2.17	3.75	-13.97	1.6600000000000001	-4.84	-9.01	11.15	11.18	-20.07	-1.9100000000000001
11:15:05.137866	-0.99	-10.870000000000001	1.33	5.25	-15.18	3.1	-3.85	-8.02	13.64	11.18	-20.07	-1.9100000000000001
11:15:05.147954	-1.18	-10.99	0.86	5.54	-15.47	4.16	-1.46	-9.09	9.77	11.18	-20.07	-1.9100000000000001
11:15:05.158044	-1.34	-10.92	0.33	3.2800000000000002	-16.830000000000002	1.67	2.08	-10.16	1.82	11.18	-20.07	-1.9100000000000001
11:15:05.168544	-1.61	-10.56	-0.07	2.48	-15.65	0.71	1.0	-8.72	2.82	11.18	-20.07	-1.9100000000000001
11:15:05.179117	-2.36	-9.72	-0.47000000000000003	3.34	-13.93	0.73	-1.02	-6.640000000000001	4.53	11.18	-20.07	-1.9100000000000001
11:15:05.189259	-2.42	-9.34	-0.51	4.07	-12.83	0.56	-2.47	-5.15	5.15	11.18	-20.07	-1.9100000000000001
11:15:05.199334	-2.23	-9.040000000000001	-0.51	4.37	-10.78	0.48	-3.5700000000000003	-2.86	5.9	2.56	-14.780000000000001	5.82
11:15:05.209403	-1.44	-8.56	-0.24	4.43	-9.67	0.98	-2.99	-2.58	5.8	2.56	-14.780000000000001	5.82
11:15:05.219478	-1.18	-8.41	0.03	4.04	-7.930000000000001	1.01	-2.58	-3.15	5.68	2.56	-14.780000000000001	5.82
11:15:05.229565	-1.02	-8.24	0.27	3.83	-7.86	0.75	-0.74	-4.09	4.84	2.56	-14.780000000000001	5.82
11:15:05.239637	-0.92	-8.18	0.48	3.73	-7.71	0.64	-0.22	-4.46	5.15	2.56	-14.780000000000001	5.82
11:15:05.249713	-1.01	-8.06	0.6900000000000001	3.89	-7.47	0.67	-0.2	-4.76	5.7	2.56	-14.780000000000001	5.82
11:15:05.259843	-1.07	-8.06	0.6900000000000001	3.95	-7.22	0.56	-0.7000000000000001	-4.95	6.26	2.56	-14.780000000000001	5.82
11:15:05.270043	-1.23	-8.09	0.63	3.6	-7.0200000000000005	0.8	-0.66	-5.07	6.72	2.56	-14.780000000000001	5.82
11:15:05.280619	-1.61	-8.13	0.39	3.75	-6.71	0.51	-0.23	-5.18	6.68	2.56	-14.780000000000001	5.82
11:15:05.290723	-1.79	-8.15	0.23	3.8000000000000003	-6.1000000000000005	0.74	0.45	-5.51	6.65	2.56	-14.780000000000001	5.82
11:15:05.300956	-1.79	-8.15	0.23	3.8000000000000003	-6.1000000000000005	0.74	0.45	-5.51	6.65	6.49	-6.68	7.01
11:15:05.311080	-1.79	-8.15	0.23	3.8000000000000003	-5.7700000000000005	0.77	0.31	-5.91	7.17	4.86	-13.0	3.17
11:15:05.321706	-1.99	-8.19	-0.31	3.63	-5.09	0.87	0.58	-7.76	7.140000000000001	4.86	-13.0	3.17
11:15:05.332152	-1.95	-8.18	-0.45	3.91	-4.95	0.67	0.62	-9.07	7.43	4.86	-13.0	3.17
11:15:05.342216	-1.9000000000000001	-8.19	-0.51	4.03	-4.87	0.77	-0.91	-10.08	8.03	4.86	-13.0	3.17
11:15:05.352286	-1.78	-8.0	-0.54	4.17	-4.74	0.97	-1.1	-11.39	7.8100000000000005	4.86	-13.0	3.17
11:15:05.362354	-1.76	-7.9	-0.52	3.93	-4.91	1.32	-1.21	-12.23	6.83	4.86	-13.0	3.17
11:15:05.372427	-1.7	-7.75	-0.45	3.38	-5.38	1.34	-1.18	-11.85	6.46	4.86	-13.0	3.17
11:15:05.382509	-1.62	-7.38	-0.11	2.44	-6.29	0.74	-0.9400000000000001	-11.69	6.0600000000000005	4.86	-13.0	3.17
11:15:05.392595	-1.73	-7.53	0.0	-2.31	-8.64	-1.16	-1.32	-11.89	5.65	4.86	-13.0	3.17
11:15:05.402672	-1.61	-7.63	0.09	-4.66	-9.94	-2.2600000000000002	-1.47	-11.84	5.4	4.59	-26.66	-6.8
11:15:05.412738	-1.77	-7.83	0.32	-6.5200000000000005	-10.450000000000001	-2.5300000000000002	-1.7	-10.48	4.96	4.59	-26.66	-6.8
11:15:05.422847	-1.6300000000000001	-8.51	0.49	-7.78	-11.14	-1.7	-1.78	-9.82	4.2	4.59	-26.66	-6.8
11:15:05.432933	-1.3900000000000001	-8.950000000000001	0.47000000000000003	-9.09	-12.49	2.0100000000000002	-1.6400000000000001	-8.89	3.72	4.59	-26.66	-6.8
11:15:05.443002	-1.36	-9.49	0.54	-9.26	-13.25	4.23	-1.52	-8.26	3.21	4.59	-26.66	-6.8
11:15:05.453071	-1.76	-10.64	0.63	-9.09	-13.47	6.37	0.09	-7.3	2.36	4.59	-26.66	-6.8
11:15:05.463184	-2.21	-11.09	0.68	-8.16	-13.280000000000001	3.65	0.8200000000000001	-6.68	1.26	4.59	-26.66	-6.8
11:15:05.473304	-2.7600000000000002	-11.49	0.77	-7.5200000000000005	-12.82	0.98	0.93	-6.390000000000001	0.67	4.59	-26.66	-6.8
11:15:05.483469	-3.22	-11.69	0.77	-6.68	-12.26	-0.96	-0.34	-6.24	1.12	4.59	-26.66	-6.8
11:15:05.493959	-3.84	-11.3	0.77	-5.63	-11.74	-2.12	-0.78	-6.47	1.3900000000000001	4.59	-26.66	-6.8
11:15:05.504227	-3.84	-11.3	0.77	-5.63	-11.74	-2.12	-0.92	-6.76	1.83	-1.23	-12.89	-24.14
11:15:05.514356	-4.07	-10.66	0.54	-3.46	-10.620000000000001	-1.7	-0.92	-7.2700000000000005	2.33	-1.23	-12.89	-24.14
11:15:05.524477	-4.34	-10.06	0.35000000000000003	-2.45	-10.27	-0.88	-0.91	-8.21	3.52	-1.23	-12.89	-24.14
11:15:05.535033	-4.65	-9.85	0.27	-0.08	-8.98	0.8	-0.98	-8.57	4.0	-1.23	-12.89	-24.14
11:15:05.545152	-4.82	-9.75	0.18	1.2	-8.07	1.76	-0.79	-9.620000000000001	3.3200000000000003	-1.23	-12.89	-24.14
11:15:05.555301	-4.73	-9.78	0.0	2.38	-7.74	2.25	3.02	-18.69	-12.94	-1.23	-12.89	-24.14
11:15:05.565411	-3.14	-11.88	0.28	3.83	-10.49	2.11	8.15	-23.37	-17.14	-1.23	-12.89	-24.14
11:15:05.575548	-2.8000000000000003	-13.85	1.67	0.21	-20.12	-2.18	4.6000000000000005	-19.82	2.67	-1.23	-12.89	-24.14
11:15:05.586041	-0.52	-15.14	5.3500000000000005	-4.58	-19.7	-0.77	-2.39	-16.330000000000002	7.890000000000001	-1.23	-12.89	-24.14
11:15:05.596818	-0.52	-15.14	5.3500000000000005	-9.23	-16.85	3.91	3.5100000000000002	-6.09	7.18	-3.14	-11.67	-17.25
11:15:05.606895	-0.03	-13.05	4.7	-9.23	-16.85	3.91	8.01	-6.47	3.85	0.08	-10.96	-1.05
11:15:05.616995	-0.03	-11.21	3.2	0.51	-9.0	8.6	5.04	-7.25	1.71	2.54	-9.44	-0.13
11:15:05.627111	-1.83	-9.93	1.33	11.65	-5.23	-6.21	-5.67	-10.1	7.16	2.54	-9.44	-0.13
11:15:05.637426	-2.63	-9.13	-0.13	11.3	-4.61	-10.39	-7.46	-10.26	7.67	2.54	-9.44	-0.13
11:15:05.647596	-2.2800000000000002	-8.77	-0.9	9.07	-5.0600000000000005	5.17	-6.93	-9.49	5.79	2.54	-9.44	-0.13
11:15:05.658160	-1.03	-9.11	-1.74	7.47	-7.2	3.4	-1.55	-9.700000000000001	5.2700000000000005	2.54	-9.44	-0.13
11:15:05.668334	-0.13	-9.950000000000001	-1.6600000000000001	4.79	-9.06	4.3500000000000005	0.9500000000000001	-9.870000000000001	4.04	2.54	-9.44	-0.13
11:15:05.678461	0.44	-10.68	-1.3900000000000001	-1.16	-12.35	9.57	2.92	-10.34	2.95	2.54	-9.44	-0.13
11:15:05.688569	0.58	-11.07	-0.8300000000000001	-2.24	-12.08	6.04	0.05	-10.13	2.37	2.54	-9.44	-0.13
11:15:05.698697	0.31	-10.81	-0.44	-3.7	-11.05	3.98	-2.86	-9.96	2.68	2.54	-9.44	-0.13
11:15:05.709112	0.31	-10.81	-0.44	-3.12	-9.71	4.07	-2.86	-9.96	2.68	1.72	-8.22	-1.57
11:15:05.719184	-0.07	-10.450000000000001	0.05	0.4	-8.64	1.09	-5.22	-9.94	2.65	3.02	-8.69	-1.6600000000000001
11:15:05.729297	-0.9500000000000001	-9.540000000000001	1.62	1.2	-8.55	0.97	-3.88	-9.370000000000001	2.25	3.02	-8.69	-1.6600000000000001
11:15:05.739417	-0.92	-9.4	1.93	1.73	-8.64	1.6400000000000001	-1.78	-9.620000000000001	3.18	3.02	-8.69	-1.6600000000000001
11:15:05.749485	-0.89	-9.3	2.21	1.74	-9.8	2.59	-0.11	-9.99	2.7800000000000002	3.02	-8.69	-1.6600000000000001
11:15:05.759561	-1.27	-9.08	2.58	2.37	-10.0	2.13	0.8200000000000001	-10.17	1.99	2.49	-8.81	-1.52
11:15:05.769676	-1.5	-8.92	2.56	2.92	-9.84	1.62	0.41000000000000003	-9.96	2.23	2.49	-8.81	-1.52
11:15:05.779809	-1.6300000000000001	-8.72	2.4	1.95	-8.98	2.06	-0.01	-9.67	2.1	2.49	-8.81	-1.52
11:15:05.789895	-1.61	-8.620000000000001	2.14	2.42	-8.84	2.2800000000000002	-0.3	-9.72	1.8800000000000001	2.49	-8.81	-1.52
11:15:05.800359	-1.61	-8.620000000000001	2.14	2.42	-8.84	2.2800000000000002	-0.3	-9.72	1.8800000000000001	2.2	-9.49	-2.16
11:15:05.810538	-1.41	-8.23	1.46	3.27	-8.870000000000001	2.13	-1.49	-9.82	1.4000000000000001	2.2	-9.49	-2.16
11:15:05.820607	-1.37	-8.14	1.35	1.44	-9.24	2.1	-1.55	-9.700000000000001	1.1300000000000001	2.2	-9.49	-2.16
11:15:05.830708	-1.27	-8.09	1.18	0.67	-9.24	2.18	-2.16	-9.52	0.9400000000000001	2.2	-9.49	-2.16
11:15:05.840794	-1.3	-8.040000000000001	1.18	0.67	-9.24	2.18	-2.2	-9.46	1.33	1.86	-9.53	-2.34
11:15:05.850868	-1.3800000000000001	-7.97	1.22	0.23	-8.64	2.31	-1.77	-9.41	1.43	1.86	-9.53	-2.34
11:15:05.860935	-1.57	-7.79	1.37	0.4	-8.56	2.5100000000000002	-1.25	-9.33	1.44	1.86	-9.53	-2.34
11:15:05.871003	-1.6	-7.71	1.45	0.62	-8.53	2.81	-1.18	-9.51	1.42	1.86	-9.53	-2.34
11:15:05.881076	-1.62	-7.59	1.54	1.44	-8.82	2.91	-1.6600000000000001	-9.52	1.58	1.86	-9.53	-2.34
11:15:05.891154	-1.6300000000000001	-7.6000000000000005	1.57	1.3800000000000001	-9.07	2.87	-2.0	-9.72	1.72	1.86	-9.53	-2.34
11:15:05.901228	-1.6	-7.78	1.56	1.3	-9.21	2.7600000000000002	-1.6	-9.96	2.3000000000000003	1.86	-9.53	-2.34
11:15:05.911303	-1.6400000000000001	-7.87	1.51	1.44	-9.14	2.45	-1.19	-10.08	2.27	1.86	-9.53	-2.34
11:15:05.921433	-1.78	-7.88	1.48	1.59	-9.13	2.04	-1.2	-9.81	2.41	1.86	-9.53	-2.34
11:15:05.931515	-1.94	-7.8	1.3900000000000001	1.73	-8.96	1.97	-1.1400000000000001	-9.74	2.66	1.86	-9.53	-2.34
11:15:05.941919	-2.0100000000000002	-7.7	1.4000000000000001	2.19	-8.92	1.78	-1.31	-9.86	2.65	1.6	-9.64	-2.62
11:15:05.951991	-1.96	-7.61	1.31	2.7800000000000002	-8.790000000000001	1.77	-1.22	-9.94	2.9	1.6	-9.64	-2.62
11:15:05.962062	-1.94	-7.54	1.31	3.23	-8.89	1.78	-1.24	-10.16	2.85	1.6	-9.64	-2.62
11:15:05.972130	-1.94	-7.7700000000000005	1.24	3.65	-8.99	1.6500000000000001	-1.32	-10.35	2.2800000000000002	1.6	-9.64	-2.62
11:15:05.982231	-1.97	-8.14	1.21	3.0500000000000003	-9.19	1.23	-1.22	-10.23	2.07	1.6	-9.64	-2.62
11:15:05.992343	-2.04	-8.61	1.22	2.68	-9.22	1.09	-1.3800000000000001	-10.120000000000001	1.34	1.6	-9.64	-2.62
11:15:06.002414	-2.22	-9.78	1.41	2.06	-9.120000000000001	1.3800000000000001	-1.32	-10.08	0.42	1.6	-9.64	-2.62
11:15:06.012486	-1.94	-10.34	1.36	1.25	-9.290000000000001	1.8900000000000001	-0.43	-9.290000000000001	-0.54	1.6	-9.64	-2.62
11:15:06.022554	-2.06	-10.61	1.92	0.49	-9.64	2.57	0.0	-9.97	-0.76	1.6	-9.64	-2.62
11:15:06.032626	-1.81	-10.97	2.09	0.21	-10.06	2.43	-0.09	-9.56	-1.68	1.6	-9.64	-2.62
11:15:06.042701	-1.81	-11.200000000000001	2.66	-0.11	-10.49	2.43	0.05	-10.040000000000001	-1.74	1.6	-9.64	-2.62
11:15:06.052802	-1.96	-11.05	2.84	-0.38	-11.22	2.71	0.08	-10.1	-1.5	1.6	-9.64	-2.62
11:15:06.062931	-2.18	-10.790000000000001	2.96	-0.25	-11.370000000000001	2.99	-0.28	-10.41	-1.28	2.15	-10.4	-2.8000000000000003
11:15:06.073038	-3.0300000000000002	-10.22	3.02	-0.5	-11.61	3.6	-0.63	-10.9	-1.11	2.15	-10.4	-2.8000000000000003
11:15:06.083162	-3.39	-10.06	2.92	-0.46	-11.85	3.62	-0.34	-11.58	-0.88	2.15	-10.4	-2.8000000000000003
11:15:06.093240	-3.67	-9.91	2.85	-0.49	-11.9	2.85	-0.08	-11.540000000000001	-1.1300000000000001	5.2700000000000005	-10.42	-3.95
11:15:06.103345	-3.67	-9.91	2.85	-0.75	-11.85	2.5	0.11	-11.46	-1.37	5.2700000000000005	-10.42	-3.95
11:15:06.113960	-2.98	-10.700000000000001	2.88	-1.28	-11.59	2.54	-0.6900000000000001	-12.42	-1.92	5.2700000000000005	-10.42	-3.95
11:15:06.124055	-1.19	-12.61	1.87	-2.32	-11.91	3.93	-2.27	-13.61	-2.98	5.2700000000000005	-10.42	-3.95
11:15:06.134127	0.32	-15.120000000000001	0.02	-2.58	-13.42	3.21	-1.1500000000000001	-15.21	-1.9000000000000001	5.2700000000000005	-10.42	-3.95
11:15:06.144264	-2.39	-15.81	-1.26	-2.7600000000000002	-14.57	2.12	1.07	-15.66	-0.93	5.2700000000000005	-10.42	-3.95
11:15:06.154560	-4.65	-14.18	-1.17	-2.7600000000000002	-14.57	2.12	2.0300000000000002	-16.45	-2.96	5.2700000000000005	-10.42	-3.95
11:15:06.164637	-6.12	-12.540000000000001	-0.48	-2.72	-14.74	-2.22	2.14	-17.31	-2.41	5.2700000000000005	-10.42	-3.95
11:15:06.175274	-4.05	-10.41	0.79	-2.59	-13.89	-2.58	2.36	-18.53	-2.46	5.2700000000000005	-10.42	-3.95
11:15:06.185470	-4.05	-10.41	0.79	-2.2600000000000002	-12.81	-1.44	1.8800000000000001	-19.23	-3.21	5.2700000000000005	-10.42	-3.95
11:15:06.195630	2.36	-9.15	2.16	-0.48	-10.700000000000001	-0.12	0.43	-17.82	-3.72	3.0100000000000002	-14.09	-3.3000000000000003
11:15:06.205893	2.36	-9.15	2.16	0.5	-8.96	0.55	-0.23	-16.64	-4.5	3.0100000000000002	-14.09	-3.3000000000000003
11:15:06.215987	1.72	-9.85	2.62	1.92	-7.19	1.56	-1.9100000000000001	-15.13	-4.0200000000000005	3.0100000000000002	-14.09	-3.3000000000000003
11:15:06.226058	0.89	-10.040000000000001	2.38	3.1	-5.88	1.1400000000000001	-6.94	-9.93	1.2	3.0100000000000002	-14.09	-3.3000000000000003
11:15:06.236131	-0.05	-10.17	1.62	2.56	-7.57	1.05	-7.23	-9.18	5.8100000000000005	3.0100000000000002	-14.09	-3.3000000000000003
11:15:06.246267	-0.24	-10.1	1.08	2.36	-9.94	0.88	-7.19	-10.01	9.13	3.0100000000000002	-14.09	-3.3000000000000003
11:15:06.256339	-0.24	-10.1	1.08	2.73	-11.94	1.6400000000000001	-6.8	-10.19	8.78	3.0100000000000002	-14.09	-3.3000000000000003
11:15:06.267013	-0.47000000000000003	-9.93	0.19	5.3500000000000005	-15.1	3.22	-5.13	-8.51	10.1	3.0100000000000002	-14.09	-3.3000000000000003
11:15:06.277192	-1.18	-9.78	-0.3	5.66	-15.11	3.68	-2.23	-9.040000000000001	9.17	3.0100000000000002	-14.09	-3.3000000000000003
11:15:06.287288	-1.72	-9.700000000000001	-0.41000000000000003	4.61	-15.24	2.88	1.03	-9.620000000000001	2.35	3.0100000000000002	-14.09	-3.3000000000000003
11:15:06.298120	-1.72	-9.700000000000001	-0.41000000000000003	2.69	-14.77	1.32	0.1	-8.370000000000001	2.74	15.370000000000001	-22.04	5.11
11:15:06.308182	-1.72	-9.700000000000001	-0.41000000000000003	2.7800000000000002	-13.290000000000001	1.73	-1.59	-6.45	4.48	15.370000000000001	-22.04	5.11
11:15:06.318735	-2.37	-9.36	-0.41000000000000003	3.08	-12.16	1.08	-1.59	-6.45	4.48	15.370000000000001	-22.04	5.11
11:15:06.328804	-2.0300000000000002	-9.290000000000001	-0.25	3.34	-11.16	0.62	-3.5100000000000002	-2.8000000000000003	6.51	15.370000000000001	-22.04	5.11
11:15:06.338878	-1.6600000000000001	-9.200000000000001	-0.12	3.25	-9.38	1.04	-3.3200000000000003	-2.95	5.96	15.370000000000001	-22.04	5.11
11:15:06.348963	-1.3800000000000001	-9.05	0.05	3.0100000000000002	-8.56	1.17	-2.39	-3.21	4.7700000000000005	15.370000000000001	-22.04	5.11
11:15:06.359075	-1.28	-8.540000000000001	0.26	2.7600000000000002	-8.19	1.21	-1.09	-3.87	4.25	15.370000000000001	-22.04	5.11
11:15:06.369178	-1.41	-8.33	0.38	2.99	-8.07	0.99	-0.71	-3.96	5.0200000000000005	15.370000000000001	-22.04	5.11
11:15:06.379267	-1.47	-8.2	0.42	3.21	-7.71	0.8200000000000001	-0.8200000000000001	-4.24	5.74	15.370000000000001	-22.04	5.11
11:15:06.389333	-1.44	-8.16	0.44	3.58	-7.59	0.53	-0.81	-4.59	6.32	15.370000000000001	-22.04	5.11
11:15:06.399415	-1.44	-8.16	0.44	3.33	-7.3500000000000005	0.76	-0.65	-4.9	6.62	0.29	-7.0200000000000005	9.96
11:15:06.410029	-1.48	-8.25	0.32	4.07	-6.73	0.58	0.0	-5.2700000000000005	6.42	0.29	-7.0200000000000005	9.96
11:15:06.420118	-1.6	-8.27	0.28	4.1	-6.61	0.6	0.76	-5.8	6.17	0.29	-7.0200000000000005	9.96
11:15:06.430669	-1.77	-8.39	0.02	3.8000000000000003	-6.57	0.7000000000000001	0.79	-6.6000000000000005	6.68	0.29	-7.0200000000000005	9.96
11:15:06.440859	-1.95	-8.45	0.0	3.62	-6.05	0.78	0.84	-7.390000000000001	6.82	0.29	-7.0200000000000005	9.96
11:15:06.451471	-2.04	-8.51	-0.05	3.84	-5.64	0.67	0.44	-8.36	7.4	0.29	-7.0200000000000005	9.96
11:15:06.461539	-1.94	-8.61	-0.07	3.96	-5.73	0.43	0.37	-9.21	7.29	0.29	-7.0200000000000005	9.96
11:15:06.471620	-1.8900000000000001	-8.57	0.0	4.24	-5.63	0.9	-1.1400000000000001	-10.47	7.3100000000000005	0.29	-7.0200000000000005	9.96
11:15:06.481686	-1.83	-8.5	0.04	4.18	-5.72	0.59	-1.49	-11.02	7.17	0.29	-7.0200000000000005	9.96
11:15:06.491763	-1.6600000000000001	-8.16	0.09	3.95	-5.7	0.35000000000000003	-1.52	-11.68	7.07	0.29	-7.0200000000000005	9.96
11:15:06.501875	-1.6600000000000001	-8.16	0.09	4.19	-5.51	1.37	-1.07	-12.67	6.19	3.84	-6.23	6.03
11:15:06.511945	-1.6600000000000001	-8.16	0.09	3.38	-5.86	1.6600000000000001	-1.16	-12.56	5.76	3.84	-6.23	6.03
11:15:06.522034	-1.6	-7.78	0.1	2.29	-6.8100000000000005	0.99	-1.1300000000000001	-12.63	5.48	3.84	-6.23	6.03
11:15:06.532104	-1.6	-7.73	0.08	0.8300000000000001	-7.5	0.5700000000000001	-1.4000000000000001	-13.09	5.11	3.84	-6.23	6.03
11:15:06.542196	-1.68	-7.84	0.11	-3.38	-9.64	-0.5700000000000001	-1.27	-12.450000000000001	4.45	3.84	-6.23	6.03
11:15:06.552623	-1.68	-7.84	0.11	-3.38	-9.64	-0.5700000000000001	-1.52	-11.27	3.97	4.47	-24.91	-5.51
11:15:06.562745	-1.68	-7.84	0.11	-3.38	-9.64	-0.5700000000000001	-1.52	-11.27	3.97	-0.5	-22.580000000000002	-16.51
11:15:06.573315	-1.46	-9.13	0.43	-6.62	-11.8	-1.44	-1.25	-7.73	3.75	-0.5	-22.580000000000002	-16.51
11:15:06.583404	-1.9100000000000001	-9.43	0.76	-10.24	-13.49	2.24	-0.32	-6.82	2.4	-0.5	-22.580000000000002	-16.51
11:15:06.593618	-1.61	-9.790000000000001	0.6900000000000001	-10.24	-13.43	5.37	0.84	-6.48	0.93	5.07	-16.830000000000002	-21.990000000000002
11:15:06.604283	-1.61	-9.790000000000001	0.6900000000000001	-9.370000000000001	-13.26	5.04	1.03	-6.13	-0.11	5.07	-16.830000000000002	-21.990000000000002
11:15:06.614711	-2.24	-10.950000000000001	0.86	-8.9	-13.06	2.67	-0.18	-5.13	-0.44	5.07	-16.830000000000002	-21.990000000000002
11:15:06.625244	-3.24	-11.13	0.86	-8.15	-12.97	0.36	-0.67	-5.3100000000000005	-0.39	5.07	-16.830000000000002	-21.990000000000002
11:15:06.635391	-3.5	-10.93	0.76	-7.16	-12.57	-1.25	-1.08	-5.48	0.02	5.07	-16.830000000000002	-21.990000000000002
11:15:06.645486	-3.74	-10.68	0.56	-5.66	-11.34	-2.38	-1.49	-6.33	1.43	5.07	-16.830000000000002	-21.990000000000002
11:15:06.656102	-3.91	-10.370000000000001	0.37	-4.86	-10.71	-1.82	-1.48	-7.13	2.3000000000000003	5.07	-16.830000000000002	-21.990000000000002
11:15:06.666194	-4.3500000000000005	-10.07	-0.19	-3.74	-10.24	-0.6	-1.41	-7.96	3.1	5.07	-16.830000000000002	-21.990000000000002
11:15:06.676311	-4.68	-9.84	-0.45	-0.76	-8.74	1.62	-1.12	-8.75	3.8200000000000003	5.07	-16.830000000000002	-21.990000000000002
11:15:06.686429	-4.93	-9.63	-0.56	0.89	-7.9	2.47	-0.34	-9.53	5.0	5.07	-16.830000000000002	-21.990000000000002
11:15:06.696505	-4.93	-9.63	-0.56	2.66	-7.05	3.18	0.49	-11.1	2.72	-10.34	-12.030000000000001	-23.44
11:15:06.707029	-3.5300000000000002	-10.49	-0.91	4.4	-6.0200000000000005	3.7600000000000002	2.25	-17.25	-6.93	-10.34	-12.030000000000001	-23.44
11:15:06.717161	-2.97	-12.280000000000001	0.06	7.1000000000000005	-13.64	4.0	-0.05	-16.75	4.54	-10.34	-12.030000000000001	-23.44
11:15:06.727305	-1.84	-14.85	3.14	3.54	-17.330000000000002	2.02	-7.19	-10.09	8.22	-3.6	-10.870000000000001	-17.900000000000002
11:15:06.737383	-1.84	-14.85	3.14	0.17	-19.34	-1.95	-5.6000000000000005	-3.39	12.790000000000001	-3.6	-10.870000000000001	-17.900000000000002
11:15:06.747908	-1.84	-14.85	3.14	-8.94	-14.55	0.08	7.73	-10.53	-0.44	-3.6	-10.870000000000001	-17.900000000000002
11:15:06.757989	-1.84	-14.85	3.14	-6.03	-10.94	8.45	3.14	-10.61	1.94	-3.6	-10.870000000000001	-17.900000000000002
11:15:06.768055	-1.84	-14.85	3.14	3.0700000000000003	-9.8	9.18	-2.68	-10.94	5.68	-3.6	-10.870000000000001	-17.900000000000002
11:15:06.778129	-1.84	-14.85	3.14	8.46	-9.17	0.85	-4.51	-10.15	5.53	-3.6	-10.870000000000001	-17.900000000000002
11:15:06.788205	-1.84	-14.85	3.14	10.66	-5.63	-6.8100000000000005	-4.28	-9.85	6.15	-3.6	-10.870000000000001	-17.900000000000002
11:15:06.798299	-0.59	-11.82	3.54	10.34	-5.0	-1.33	-4.28	-9.85	6.15	2.06	-39.24	30.96
11:15:06.808425	-0.7000000000000001	-8.32	-0.84	8.73	-6.09	2.88	-3.02	-9.540000000000001	5.83	-12.17	-3.27	-29.060000000000002
11:15:06.818541	-0.48	-8.63	-1.17	4.46	-9.13	3.54	-2.13	-8.94	4.94	-0.71	-1.16	3.68
11:15:06.828644	-0.48	-8.63	-1.17	1.74	-10.34	7.3100000000000005	1.98	-10.18	3.2	-2.05	-9.790000000000001	-2.84
11:15:06.838831	-0.48	-8.63	-1.17	0.33	-10.38	7.69	2.02	-10.42	2.59	-2.05	-9.790000000000001	-2.84
11:15:06.848984	0.27	-10.370000000000001	-1.24	-1.33	-10.64	5.26	-3.85	-9.68	2.94	-2.05	-9.790000000000001	-2.84
11:15:06.859079	0.04	-10.450000000000001	-0.86	-1.37	-9.33	2.87	-5.32	-9.96	2.58	4.14	-8.27	-1.53
11:15:06.869187	0.04	-10.450000000000001	-0.86	-0.12	-9.02	2.07	-5.25	-10.25	1.77	4.14	-8.27	-1.53
11:15:06.879315	-0.86	-10.120000000000001	1.33	1.16	-8.96	1.7	-4.17	-10.09	1.44	5.41	-9.01	-1.75
11:15:06.889437	-0.91	-9.950000000000001	1.95	2.54	-9.11	2.46	-1.26	-9.78	1.95	2.59	-9.72	-2.27
11:15:06.899562	-0.79	-9.700000000000001	2.34	2.27	-9.13	2.25	-0.7000000000000001	-10.05	1.9100000000000001	3.86	-8.47	-1.59
11:15:06.909753	-0.8200000000000001	-9.17	2.75	1.8800000000000001	-9.3	2.91	-0.25	-10.14	1.71	2.19	-10.790000000000001	-2.34
11:15:06.919857	-1.1	-8.83	2.7800000000000002	2.73	-9.09	2.16	-0.25	-10.07	1.51	3.91	-9.06	-1.57
11:15:06.929955	-1.1	-8.83	2.7800000000000002	2.66	-8.97	1.82	-0.7000000000000001	-9.72	1.1	3.43	-9.85	-2.27
11:15:06.940292	-1.33	-8.32	1.9100000000000001	2.59	-8.85	1.98	-0.96	-9.71	0.88	3.33	-9.25	-1.56
11:15:06.950824	-1.28	-8.290000000000001	1.57	2.29	-8.48	2.93	-1.41	-9.75	0.61	2.66	-8.120000000000001	-1.11
11:15:06.960937	-1.29	-8.22	1.28	2.31	-8.63	2.89	-3.0700000000000003	-9.58	0.16	3.16	-9.42	-2.0
11:15:06.971005	-1.31	-8.21	0.86	1.52	-8.86	2.84	-3.27	-9.49	0.14	2.77	-9.25	-1.74
11:15:06.981073	-1.35	-8.21	0.75	0.8200000000000001	-9.06	2.94	-3.06	-9.53	0.56	2.36	-9.24	-1.99
11:15:06.991147	-1.37	-8.21	0.73	-0.2	-9.09	2.48	-1.93	-9.71	0.24	1.59	-10.370000000000001	-2.64
11:15:07.001223	-1.3900000000000001	-8.17	0.75	0.1	-9.0	2.35	-0.06	-9.64	0.1	2.81	-9.19	-1.9100000000000001
11:15:07.011306	-1.43	-8.15	0.98	0.15	-8.96	2.5300000000000002	-0.36	-9.5	-0.21	2.86	-9.43	-2.06
11:15:07.021404	-1.42	-8.11	1.12	1.02	-8.64	3.17	-1.41	-9.46	-0.06	2.57	-9.41	-2.24
11:15:07.031473	-1.41	-8.1	1.28	1.16	-8.72	3.4	-2.47	-9.41	-0.1	2.57	-9.61	-2.29
11:15:07.042022	-1.41	-8.08	1.46	0.93	-8.84	3.17	-2.61	-9.55	-0.15	2.41	-9.3	-2.06
11:15:07.052427	-1.48	-8.1	1.55	0.6900000000000001	-8.82	3.0500000000000003	-2.5100000000000002	-9.57	0.41000000000000003	2.71	-9.39	-2.2800000000000002
11:15:07.062523	-1.57	-8.05	1.53	0.34	-8.88	2.72	-2.05	-9.47	0.5	2.5100000000000002	-9.540000000000001	-2.35
11:15:07.072590	-1.74	-8.08	1.47	0.6	-8.92	2.58	-1.23	-9.35	0.63	1.87	-9.65	-2.43
11:15:07.082711	-1.8800000000000001	-7.99	1.32	1.05	-8.91	2.36	-1.22	-9.47	0.9400000000000001	2.05	-9.71	-2.42
11:15:07.092812	-1.92	-7.95	1.25	1.8800000000000001	-9.05	1.8900000000000001	-1.2	-9.56	1.1500000000000001	2.02	-9.870000000000001	-2.4
11:15:07.102934	-1.92	-7.92	1.23	2.16	-9.22	1.82	-0.88	-9.76	1.45	2.2	-9.870000000000001	-2.54
11:15:07.113010	-1.8900000000000001	-7.9	1.22	2.33	-9.25	1.81	-1.0	-9.84	1.6	2.49	-10.08	-2.86
11:15:07.123276	-1.83	-7.94	1.27	2.59	-9.07	1.83	-1.06	-9.91	1.68	2.49	-10.08	-2.86
11:15:07.133651	-1.82	-8.1	1.31	2.43	-9.06	1.87	-1.1	-9.86	1.9100000000000001	2.64	-10.36	-2.72
11:15:07.143748	-1.79	-8.34	1.31	2.12	-9.11	2.0100000000000002	-0.9500000000000001	-9.94	1.71	4.24	-10.0	-2.92
11:15:07.153871	-1.86	-9.01	1.26	2.0300000000000002	-9.17	2.09	-1.3800000000000001	-9.950000000000001	1.48	3.71	-10.73	-3.3000000000000003
11:15:07.163948	-1.95	-9.46	1.23	1.93	-9.15	2.16	-2.05	-10.0	1.11	0.21	-11.21	-2.72
11:15:07.174061	-1.98	-9.77	1.27	2.07	-9.290000000000001	2.83	-1.28	-9.92	0.51	0.2	-11.06	-2.97
11:15:07.184642	-1.93	-10.38	1.34	1.98	-9.32	3.14	-0.76	-10.03	0.44	0.23	-10.58	-2.52
11:15:07.195277	-1.85	-10.65	1.29	1.6400000000000001	-10.0	2.5100000000000002	-0.75	-9.9	0.11	-0.87	-12.59	-2.99
11:15:07.205593	-2.1	-10.77	1.44	1.29	-10.41	2.44	-0.53	-9.950000000000001	0.15	-0.5700000000000001	-12.86	-2.75
11:15:07.216064	-2.64	-10.56	1.87	0.98	-10.82	2.57	0.08	-10.58	-0.28	0.71	-13.02	-3.04
11:15:07.226153	-2.92	-10.48	2.14	0.6900000000000001	-11.21	2.69	-0.01	-10.67	-0.28	1.4000000000000001	-13.23	-3.02
11:15:07.236502	-2.92	-10.48	2.14	0.18	-11.55	2.69	-0.13	-10.84	-0.52	2.59	-13.59	-3.12
11:15:07.246646	-2.92	-10.48	2.14	-0.05	-11.57	2.68	-0.16	-11.14	-0.86	3.14	-13.84	-3.19
11:15:07.257469	-3.2600000000000002	-9.96	3.15	-0.52	-11.55	2.49	0.11	-11.21	-1.45	3.49	-14.040000000000001	-3.08
11:15:07.267610	-2.81	-10.040000000000001	3.3200000000000003	-1.1300000000000001	-11.24	2.21	-0.07	-11.450000000000001	-1.61	3.0700000000000003	-14.97	-2.86
11:15:07.277818	-0.08	-13.07	1.86	-1.77	-10.99	3.04	-2.31	-13.56	-2.7800000000000002	1.43	-19.23	-2.9
11:15:07.288302	0.7000000000000001	-15.08	0.29	-2.21	-11.05	4.0	-0.35000000000000003	-14.83	-0.9400000000000001	6.48	-18.64	-2.96
11:15:07.298426	-0.66	-15.38	-0.4	-2.57	-12.32	3.11	1.75	-14.92	-1.09	10.01	-17.21	-1.95
11:15:07.308638	-2.69	-14.57	-1.06	-3.09	-14.43	0.63	3.39	-16.1	-2.54	10.120000000000001	-19.76	-1.12
11:15:07.318813	-5.91	-11.450000000000001	-0.26	-2.9	-14.57	-0.32	3.5300000000000002	-17.18	-1.22	11.17	-22.03	0.02
11:15:07.329277	-5.5600000000000005	-10.53	0.3	-2.56	-14.52	-1.61	3.04	-18.02	-1.69	11.8	-22.41	2.67
11:15:07.339825	-3.77	-9.870000000000001	0.73	-1.61	-12.06	-0.59	2.38	-18.76	-2.7	12.33	-22.29	3.59
11:15:07.349896	1.24	-9.21	1.45	-0.4	-11.09	-0.21	-0.58	-17.490000000000002	-4.69	12.22	-22.82	2.37
11:15:07.360001	2.6	-8.94	1.98	0.35000000000000003	-9.64	0.58	-1.43	-16.34	-4.53	9.81	-19.27	6.640000000000001
11:15:07.370180	3.14	-8.870000000000001	2.49	1.73	-6.8500000000000005	1.98	-3.5500000000000003	-14.98	-2.71	7.0200000000000005	-15.75	9.05
11:15:07.380871	2.92	-9.05	2.75	2.24	-6.5600000000000005	1.46	-7.05	-10.07	2.36	2.14	-11.57	7.79
11:15:07.390946	1.44	-9.34	2.45	2.43	-7.72	1.77	-6.37	-9.0	5.0	-1.4000000000000001	-7.74	4.64
11:15:07.401049	0.63	-9.53	2.11	3.11	-11.47	1.09	-5.53	-9.61	7.33	-0.11	-12.01	-3.81
11:15:07.411134	0.06	-9.82	1.62	3.7	-13.200000000000001	1.59	-5.12	-9.4	8.85	1.56	-8.11	-1.17
11:15:07.421202	-0.55	-10.41	0.61	4.88	-14.48	2.63	-5.64	-9.14	11.870000000000001	6.8500000000000005	0.77	3.38
11:15:07.431305	-0.6900000000000001	-10.61	0.06	5.28	-14.72	4.12	-4.91	-8.46	11.25	9.78	8.08	11.450000000000001
11:15:07.441419	-1.03	-10.66	-0.47000000000000003	2.86	-14.68	2.79	-3.04	-9.07	9.84	6.96	5.68	17.34
11:15:07.451490	-1.57	-10.49	-0.87	2.2	-15.09	1.19	0.43	-9.02	1.98	6.78	-3.29	10.22
11:15:07.461566	-2.7	-9.93	-1.02	1.97	-13.74	0.9	-0.36	-7.930000000000001	2.19	4.15	-7.21	10.23
11:15:07.471630	-2.89	-9.63	-0.93	2.82	-11.4	1.18	-1.71	-6.24	4.18	1.04	-7.42	8.290000000000001
11:15:07.481704	-2.6	-9.43	-0.74	2.77	-10.61	1.18	-3.24	-4.86	5.43	0.8	-1.08	7.79
11:15:07.491847	-1.5	-9.26	-0.2	2.83	-9.76	1.47	-4.0600000000000005	-3.2	5.8500000000000005	0.72	-2.34	7.07
11:15:07.501914	-1.19	-9.16	0.09	2.99	-8.61	1.85	-3.31	-2.7800000000000002	5.49	0.72	-2.34	7.07
11:15:07.512036	-1.05	-9.07	0.31	3.22	-8.17	1.83	-3.6	-3.27	6.140000000000001	1.85	-4.61	7.67
11:15:07.522097	-1.2	-8.97	0.53	3.2600000000000002	-7.930000000000001	1.81	-1.74	-3.88	4.7	1.68	-3.99	6.7700000000000005
11:15:07.532253	-1.61	-8.86	0.8300000000000001	3.16	-7.76	1.55	-1.26	-4.09	4.59	5.98	-6.08	5.76
11:15:07.542405	-1.6600000000000001	-8.84	0.79	3.2	-7.78	1.1400000000000001	-1.29	-4.33	5.25	4.09	-6.79	4.5600000000000005
11:15:07.552551	-1.73	-8.88	0.78	3.06	-7.91	1.16	-1.77	-4.49	6.05	4.34	-6.08	5.63
11:15:07.563350	-1.78	-8.870000000000001	0.61	3.0500000000000003	-7.55	1.2	-2.17	-4.66	7.11	6.5	-8.1	4.23
11:15:07.573462	-1.81	-8.870000000000001	0.48	2.83	-7.32	0.74	-1.78	-4.87	6.68	9.09	-10.05	3.25
11:15:07.583534	-1.84	-8.86	0.32	2.79	-7.17	0.79	-1.02	-5.42	6.3500000000000005	7.79	-10.94	2.19
11:15:07.593625	-1.93	-8.64	0.07	3.11	-6.88	0.93	0.04	-6.63	7.21	5.9	-13.0	0.96
11:15:07.603761	-1.95	-8.59	-0.06	4.01	-5.57	1.62	-0.07	-6.68	7.43	6.22	-14.26	0.74
11:15:07.613919	-1.95	-8.52	-0.16	4.47	-5.51	1.7	0.37	-7.32	7.45	6.3500000000000005	-16.27	0.16
11:15:07.624470	-1.93	-8.39	-0.25	4.7700000000000005	-5.44	1.52	0.27	-8.61	7.3100000000000005	6.48	-18.46	-0.77
11:15:07.634545	-1.82	-8.3	-0.33	4.41	-5.44	1.32	-0.4	-10.3	7.21	7.91	-20.69	-2.83
11:15:07.644614	-1.82	-8.26	-0.23	4.26	-5.68	1.07	-0.59	-10.370000000000001	7.43	8.370000000000001	-21.740000000000002	-3.8200000000000003
11:15:07.655266	-1.84	-8.22	-0.13	4.15	-5.76	0.91	-1.12	-10.61	7.48	7.9	-22.98	-5.5200000000000005
11:15:07.665600	-1.9000000000000001	-8.09	0.09	4.24	-5.91	0.92	-1.32	-11.61	6.05	6.95	-23.400000000000002	-7.53
11:15:07.676203	-1.9000000000000001	-7.98	0.24	2.29	-7.05	0.07	-1.76	-11.620000000000001	5.79	5.44	-25.69	-10.8
11:15:07.686275	-1.87	-7.8500000000000005	0.33	0.66	-7.53	-0.45	-2.02	-11.75	5.54	4.74	-26.330000000000002	-14.08
11:15:07.696383	-1.55	-7.86	0.33	-1.23	-8.620000000000001	-1.1	-1.94	-12.18	4.75	2.6	-22.19	-15.450000000000001
11:15:07.706474	-1.94	-7.96	0.66	-4.95	-10.68	-2.46	-1.52	-12.49	4.75	-0.3	-15.870000000000001	-14.61
11:15:07.716558	-1.47	-8.27	0.48	-6.71	-11.57	-2.65	-1.25	-11.73	5.17	-3.41	-22.3	-17.39
11:15:07.727202	-1.3	-8.98	0.6900000000000001	-8.31	-12.3	-2.41	-1.06	-10.8	4.59	-4.33	-22.98	-20.78
11:15:07.737301	-1.33	-9.33	0.86	-9.09	-12.5	-0.44	-1.3900000000000001	-8.61	2.56	-4.65	-16.07	-19.89
11:15:07.747451	-1.32	-9.67	0.9	-7.57	-12.49	5.15	-1.3	-7.95	1.59	-4.0	-14.41	-20.85
11:15:07.758115	-1.9000000000000001	-10.31	1.07	-6.75	-12.85	6.79	-0.58	-7.08	0.91	-2.46	-12.700000000000001	-23.73
11:15:07.768672	-2.27	-10.55	1.06	-6.59	-13.0	5.97	0.99	-4.92	0.13	-3.63	-10.81	-23.01
11:15:07.778744	-2.67	-10.75	0.98	-7.17	-12.25	0.21	1.34	-4.83	-0.11	-5.8	-11.09	-22.78
11:15:07.789100	-3.08	-10.81	0.96	-6.4	-11.78	-1.6	0.98	-5.25	0.06	-7.72	-12.07	-22.07
11:15:07.799168	-3.68	-10.57	0.76	-5.38	-11.370000000000001	-2.22	0.17	-5.76	0.59	-7.15	-11.28	-18.32
11:15:07.809237	-3.85	-10.450000000000001	0.5	-4.79	-11.01	-2.29	-0.54	-6.59	1.8800000000000001	-4.8100000000000005	-11.36	-16.8
11:15:07.819547	-4.08	-10.15	0.29	-3.62	-10.47	-0.87	-0.43	-7.0600000000000005	2.62	-1.74	-13.46	-14.040000000000001
11:15:07.829618	-4.24	-9.66	-0.04	-1.08	-9.09	1.17	-0.38	-8.15	2.62	-7.44	-29.89	-16.51
11:15:07.839687	-3.86	-9.700000000000001	-0.24	4.3100000000000005	-15.42	3.04	0.93	-17.39	-10.92	8.45	-25.78	22.95
11:15:07.849844	-3.33	-10.69	-0.03	2.99	-20.23	0.99	5.22	-25.23	-18.71	-3.5700000000000003	-30.37	24.92
11:15:07.859961	-2.84	-12.71	0.77	1.28	-20.6	-1.79	3.6	-22.5	1.1	0.59	-13.08	-2.0100000000000002
11:15:07.870069	-2.16	-15.8	4.12	-2.34	-19.34	-3.06	-2.71	-18.05	5.32	-7.49	-9.8	-22.44
11:15:07.880738	-1.16	-16.23	5.38	-7.21	-9.89	8.55	2.67	-6.4	6.0	-6.32	-2.77	3.5
11:15:07.890876	-0.28	-15.32	5.92	-1.04	-7.8	15.040000000000001	9.64	-7.3100000000000005	3.42	13.75	-13.21	8.73
11:15:07.900950	0.17	-11.16	3.86	6.93	-7.11	5.26	8.790000000000001	-8.19	1.8	13.75	-13.21	8.73
11:15:07.911062	-0.97	-10.02	2.72	11.82	-4.8500000000000005	-10.41	-3.77	-8.19	4.59	6.8100000000000005	-7.2700000000000005	-0.78
11:15:07.921151	-1.97	-9.52	1.92	8.97	-4.14	-9.200000000000001	-6.65	-9.61	6.26	-1.0	-5.53	-4.0
11:15:07.931224	-2.59	-9.21	1.2	7.72	-5.07	2.38	-7.98	-10.72	6.6000000000000005	2.67	-7.79	-0.89
11:15:07.941308	-2.11	-8.58	-0.51	5.8	-8.34	5.33	-7.95	-10.32	7.0	9.35	-8.38	-1.31
11:15:07.951383	-1.6600000000000001	-8.59	-1.25	4.09	-10.24	4.71	-3.06	-9.16	5.37	9.86	-7.03	-0.15
11:15:07.961512	-1.09	-8.81	-1.59	1.58	-11.68	6.37	-0.16	-9.6	4.82	-0.76	-10.56	-2.9
11:15:07.971596	0.09	-10.11	-1.27	-0.01	-11.84	6.98	1.94	-10.61	4.0200000000000005	-0.76	-10.56	-2.9
11:15:07.981659	0.39	-10.56	-0.93	-1.45	-9.9	3.38	2.59	-11.0	2.39	4.14	-9.1	-1.0
11:15:07.991736	0.53	-10.68	-0.48	-1.33	-9.14	3.41	1.03	-10.53	1.93	1.55	-9.26	-2.1
11:15:08.001813	0.52	-10.57	0.0	-0.74	-8.72	2.49	-1.46	-9.84	1.67	1.68	-9.17	-1.68
11:15:08.011968	0.33	-10.14	1.01	1.27	-8.63	1.21	-4.05	-9.5	1.56	2.5300000000000002	-9.09	-1.6500000000000001
11:15:08.022101	0.1	-9.83	1.56	1.28	-9.200000000000001	1.78	-6.0	-9.81	1.23	3.19	-8.66	-1.36
11:15:08.032636	-0.13	-9.69	2.0100000000000002	1.36	-9.41	2.31	-4.5600000000000005	-9.61	1.3	1.44	-10.27	-2.31
11:15:08.042711	-0.5	-9.58	2.69	1.19	-9.97	2.43	-3.2600000000000002	-9.6	1.76	1.71	-8.81	-1.6300000000000001
11:15:08.052852	-0.58	-9.540000000000001	2.83	1.77	-9.61	2.7600000000000002	-0.85	-10.01	2.13	2.63	-8.69	-1.48
11:15:08.062924	-0.73	-9.49	2.88	2.2	-9.03	2.37	0.0	-10.200000000000001	2.13	2.58	-9.96	-2.56
11:15:08.073049	-1.19	-9.22	2.6	2.5	-9.36	2.0300000000000002	0.12	-10.23	1.8800000000000001	2.08	-8.67	-1.81
11:15:08.083121	-1.31	-9.03	2.29	3.42	-8.68	2.33	0.01	-10.07	1.57	3.63	-9.22	-1.8
11:15:08.093299	-1.35	-8.88	1.9000000000000001	3.0100000000000002	-8.75	2.46	-0.86	-9.68	1.1400000000000001	2.96	-8.94	-1.81
11:15:08.103397	-1.37	-8.76	1.53	2.25	-9.06	2.46	-1.06	-9.66	0.99	2.29	-9.36	-2.04
11:15:08.114010	-1.41	-8.6	0.99	1.67	-9.33	2.3000000000000003	-1.04	-9.65	0.91	1.92	-9.68	-1.99
11:15:08.124546	-1.3900000000000001	-8.61	0.8200000000000001	1.04	-9.36	2.16	-1.36	-9.81	0.35000000000000003	2.14	-9.52	-1.96
11:15:08.134649	-1.42	-8.66	0.7000000000000001	0.79	-9.26	2.2600000000000002	-1.6400000000000001	-9.8	0.35000000000000003	2.0100000000000002	-9.35	-1.98
11:15:08.145383	-1.5	-8.81	0.75	0.41000000000000003	-9.23	2.47	-1.97	-9.65	0.58	2.11	-9.48	-2.06
11:15:08.155452	-1.59	-8.82	0.88	0.35000000000000003	-8.88	2.7	-2.15	-9.57	0.71	2.49	-9.44	-2.0100000000000002
11:15:08.165578	-1.6	-8.790000000000001	1.0	0.36	-8.86	3.0	-2.13	-9.450000000000001	0.49	2.62	-9.44	-2.09
11:15:08.175713	-1.56	-8.58	1.28	0.18	-8.96	3.35	-2.0	-9.51	0.31	2.7600000000000002	-9.33	-2.06
11:15:08.185805	-1.54	-8.49	1.4000000000000001	0.36	-8.9	3.47	-2.05	-9.58	0.53	2.99	-9.23	-2.06
11:15:08.195917	-1.57	-8.36	1.43	0.31	-9.09	3.24	-1.83	-9.49	0.36	2.52	-9.35	-2.29
11:15:08.206332	-1.55	-7.99	1.46	0.2	-9.15	3.2	-1.96	-9.48	0.61	2.18	-9.43	-2.31
11:15:08.216884	-1.54	-7.95	1.52	0.15	-9.25	3.0100000000000002	-2.07	-9.52	0.79	1.78	-9.46	-2.2800000000000002
11:15:08.227525	-1.48	-8.0	1.46	-0.16	-9.4	2.14	-1.99	-9.56	0.74	1.6400000000000001	-9.61	-2.29
11:15:08.237681	-1.3900000000000001	-8.09	1.45	0.21	-9.36	2.0100000000000002	-1.1300000000000001	-9.42	0.76	2.25	-9.5	-2.32
11:15:08.247801	-1.33	-8.19	1.42	0.53	-9.43	2.05	-0.97	-9.49	0.63	2.36	-9.56	-2.34
11:15:08.257890	-1.33	-8.19	1.42	0.74	-9.34	2.17	-1.23	-9.5	0.59	2.37	-9.6	-2.37
11:15:08.267988	-1.33	-8.2	1.22	1.19	-9.18	1.85	-1.23	-9.5	0.59	2.46	-9.63	-2.58
11:15:08.278352	-1.57	-8.21	1.07	1.04	-9.02	1.8800000000000001	-1.77	-9.38	0.77	2.52	-9.48	-2.5300000000000002
