Time	Pelvis_x	Pelvis_y	Pelvis_z	UppLeg_x	UppLeg_y	UppLeg_z	LowLeg_x	LowLeg_y	LowLeg_z		Foot_x	Foot_y	Foot_z
11:14:59.372294	-0.23	-13.1	-0.13	5.8100000000000005	-13.17	-0.46	2.15	-11.450000000000001	-2.37	-16.02	4.13	-32.74
11:14:59.382848	0.19	-11.77	0.21	6.86	-8.56	2.45	0.67	-8.13	0.87	-0.52	-6.74	-25.0
11:14:59.393396	0.42	-11.02	0.47000000000000003	4.92	-8.63	5.0200000000000005	-1.87	-9.01	-0.19	2.11	-13.51	-2.32
11:14:59.403505	-0.8200000000000001	-9.52	1.23	2.16	-9.24	4.38	0.37	-7.87	1.6600000000000001	6.47	2.09	3.15
11:14:59.413591	-1.44	-8.93	1.78	-2.54	-8.53	-2.22	0.86	-6.69	4.43	-4.47	-0.71	-4.84
11:14:59.423736	-1.77	-8.540000000000001	2.22	-4.82	-9.49	-4.3500000000000005	1.3900000000000001	-9.09	3.93	-1.02	-11.42	-2.64
11:14:59.434433	-1.95	-8.2	2.38	-5.97	-9.42	-2.59	0.08	-10.120000000000001	4.83	-2.87	-13.51	-4.6000000000000005
11:14:59.444500	-1.19	-8.4	1.9100000000000001	-4.96	-8.73	1.04	-1.3800000000000001	-10.36	4.88	-0.5	-11.98	-4.7
11:14:59.454693	-0.25	-8.88	1.42	1.0	-9.22	4.0	-2.0100000000000002	-10.13	4.37	1.8800000000000001	-8.69	-6.67
11:14:59.465304	0.68	-9.43	0.99	3.93	-9.32	5.47	-2.71	-9.58	4.5	0.16	-9.86	0.8200000000000001
11:14:59.475414	1.29	-9.950000000000001	0.5700000000000001	4.3500000000000005	-9.88	5.84	-2.42	-9.23	4.36	0.23	-9.0	-3.36
11:14:59.485586	1.33	-10.35	-0.45	3.68	-10.28	3.93	1.27	-10.28	2.49	-1.92	-9.94	-5.15
11:14:59.495681	1.1	-10.36	-0.84	1.1400000000000001	-9.71	2.5	2.58	-10.85	1.75	0.48	-7.68	2.0300000000000002
11:14:59.505845	0.79	-10.21	-1.1300000000000001	0.15	-9.290000000000001	2.13	3.3000000000000003	-10.700000000000001	1.32	2.5	-5.7	-1.78
11:14:59.516395	0.65	-9.98	-1.3	0.05	-8.78	2.0100000000000002	3.3200000000000003	-9.78	1.72	3.59	-9.620000000000001	-6.67
11:14:59.526511	0.52	-9.47	-1.18	0.43	-8.68	2.29	1.21	-9.17	3.3200000000000003	5.03	-9.8	-7.5600000000000005
11:14:59.536639	0.41000000000000003	-9.38	-0.91	0.48	-8.370000000000001	3.11	0.13	-9.5	3.42	3.81	-8.52	-4.33
11:14:59.547359	0.1	-9.47	-0.64	-0.18	-8.76	3.11	-0.77	-9.790000000000001	3.6	1.28	-9.32	-2.6
11:14:59.557434	-0.29	-9.56	-0.25	-1.04	-8.66	3.7	-0.58	-10.31	3.27	-1.1400000000000001	-8.75	-3.24
11:14:59.567502	-1.02	-9.51	0.39	-1.55	-8.86	3.93	0.43	-10.08	2.89	-2.04	-9.39	-2.27
11:14:59.577576	-1.27	-9.36	0.61	-1.06	-9.26	3.89	1.61	-9.83	2.57	-4.04	-10.25	-1.86
11:14:59.587704	-1.3	-9.17	0.73	-0.55	-9.36	3.81	2.37	-9.89	2.1	-2.39	-9.17	-0.02
11:14:59.597776	-1.18	-8.83	0.78	0.06	-9.290000000000001	3.85	2.82	-10.01	1.95	-0.47000000000000003	-9.0	-1.17
11:14:59.607882	-1.05	-8.71	0.76	0.72	-9.08	3.68	2.3000000000000003	-9.96	1.79	2.45	-8.5	-4.12
11:14:59.617953	-0.87	-8.61	0.77	0.6900000000000001	-8.6	3.22	1.36	-9.790000000000001	2.0300000000000002	5.54	-8.94	-7.46
11:14:59.628028	-0.76	-8.52	0.73	0.98	-8.49	3.29	0.13	-9.72	2.19	3.97	-9.31	-6.5200000000000005
11:14:59.638112	-0.72	-8.32	0.61	1.2	-8.3	3.5300000000000002	0.39	-9.78	2.06	1.7	-8.99	-3.52
11:14:59.648180	-0.81	-8.24	0.48	1.08	-8.3	3.37	0.52	-9.81	1.93	-2.11	-9.72	-2.29
11:14:59.658284	-0.86	-8.18	0.33	0.85	-8.33	2.99	0.58	-9.85	1.6400000000000001	-2.24	-10.39	-2.46
11:14:59.668354	-0.9	-8.15	0.13	0.67	-8.65	3.16	0.97	-9.91	0.86	-0.85	-9.72	-3.21
11:14:59.678428	-0.96	-8.13	-0.19	0.64	-8.870000000000001	2.97	0.85	-9.870000000000001	0.45	0.91	-9.17	-3.85
11:14:59.688511	-0.85	-8.25	-0.4	0.8300000000000001	-8.91	2.61	0.62	-9.89	0.06	3.77	-9.01	-5.37
11:14:59.698581	-0.81	-8.43	-0.56	1.29	-8.96	2.45	0.31	-9.72	-0.29	3.58	-9.3	-5.75
11:14:59.708652	-0.73	-8.56	-0.6900000000000001	1.02	-9.14	2.45	0.18	-9.67	-0.48	2.0300000000000002	-9.78	-4.59
11:14:59.718720	-0.59	-8.81	-0.96	0.93	-8.97	2.61	0.22	-9.61	-0.52	-0.1	-10.19	-4.38
11:14:59.728796	-0.56	-8.93	-0.96	1.27	-8.91	2.45	0.42	-9.73	-0.6900000000000001	-2.42	-11.73	-3.85
11:14:59.738873	-0.55	-8.94	-0.97	1.24	-8.94	2.5300000000000002	2.1	-9.96	-0.5	-2.42	-10.94	-3.23
11:14:59.748945	-0.34	-8.92	-0.8300000000000001	1.08	-8.81	2.7	1.17	-10.15	-0.41000000000000003	-1.5	-9.91	-2.71
11:14:59.759013	-0.38	-8.85	-0.67	0.87	-8.790000000000001	2.85	-0.01	-9.950000000000001	0.37	0.0	-9.950000000000001	-4.65
11:14:59.769082	-0.64	-8.58	-0.63	0.33	-9.28	3.11	-0.05	-10.17	-0.33	0.8200000000000001	-10.120000000000001	-4.39
11:14:59.779151	-0.89	-8.45	-0.53	0.53	-9.47	2.79	-0.38	-10.27	-0.03	2.92	-9.8	-4.53
11:14:59.789281	-1.5	-9.200000000000001	-0.34	0.85	-9.67	2.94	-0.8300000000000001	-10.200000000000001	0.18	4.71	-9.35	-5.43
11:14:59.799433	-1.55	-9.52	-0.21	1.1300000000000001	-9.84	2.66	-1.22	-10.3	-0.15	7.95	-9.35	-5.26
11:14:59.809524	-1.6300000000000001	-10.0	-0.09	1.2	-10.21	2.7800000000000002	-1.28	-10.46	-0.63	8.22	-9.21	-5.68
11:14:59.819654	-1.93	-10.86	0.41000000000000003	1.09	-10.44	3.0500000000000003	-0.87	-10.46	-0.84	7.99	-9.99	-5.98
11:14:59.829748	-2.2600000000000002	-11.02	0.73	1.54	-10.35	2.92	-0.72	-10.59	-0.75	6.62	-10.28	-5.53
11:14:59.840300	-2.68	-11.13	1.01	1.86	-10.06	3.11	-0.45	-10.53	-0.43	4.11	-10.94	-5.29
11:14:59.850394	-3.09	-11.15	1.3900000000000001	2.36	-9.55	3.0	-0.31	-10.53	-0.45	3.52	-11.24	-5.38
11:14:59.860468	-3.7600000000000002	-11.0	1.81	2.39	-9.35	3.34	-0.19	-10.540000000000001	-0.31	3.0300000000000002	-11.53	-5.5200000000000005
11:14:59.870560	-3.98	-10.82	1.87	2.27	-9.370000000000001	3.43	-0.05	-10.53	-0.17	2.09	-11.92	-5.5
11:14:59.880662	-4.05	-10.58	1.75	1.96	-9.31	3.36	-0.18	-10.53	0.02	1.79	-12.040000000000001	-5.53
11:14:59.890759	-4.07	-10.26	1.48	1.58	-9.14	3.68	-0.36	-10.42	0.17	1.79	-12.040000000000001	-5.53
11:14:59.900833	-3.66	-9.59	0.6900000000000001	1.45	-9.15	3.5500000000000003	-0.66	-10.370000000000001	0.09	1.46	-12.51	-5.51
11:14:59.910904	-3.17	-9.39	0.19	1.6500000000000001	-9.09	3.44	-1.4000000000000001	-10.44	-0.5	1.7	-12.83	-6.04
11:14:59.920985	-2.18	-9.65	-0.35000000000000003	2.0	-8.99	3.3200000000000003	-1.23	-10.5	-0.68	1.27	-13.51	-6.6000000000000005
11:14:59.931473	-1.04	-10.42	-0.55	3.27	-8.49	4.0	-0.45	-11.33	-0.65	1.6400000000000001	-13.96	-4.29
11:14:59.941571	1.12	-13.4	2.0100000000000002	4.16	-8.89	3.6	1.92	-12.6	-2.79	3.8000000000000003	-15.48	-5.68
11:14:59.952277	-0.4	-14.73	3.39	4.98	-9.63	4.11	-1.1300000000000001	-14.450000000000001	-2.97	2.86	-18.740000000000002	-6.3100000000000005
11:14:59.962384	-2.59	-15.35	4.24	5.3500000000000005	-10.08	3.36	-2.2600000000000002	-14.66	-3.19	-0.42	-20.09	-8.64
11:14:59.972483	-5.3	-13.71	3.06	4.86	-11.63	1.02	-3.39	-15.27	-2.19	-0.19	-22.400000000000002	-5.66
11:14:59.982552	-2.38	-12.15	2.1	4.37	-10.66	0.84	-2.22	-17.29	-4.42	-1.1	-26.63	0.17
11:14:59.992666	1.74	-10.83	1.59	3.0100000000000002	-8.32	0.49	0.37	-17.19	-4.54	-1.1	-26.63	0.17
11:15:00.002776	3.65	-9.83	0.79	2.07	-7.22	0.88	3.13	-15.6	-4.9	1.3	-23.47	-4.23
11:15:00.013224	3.6	-8.6	-0.84	1.3800000000000001	-6.36	2.82	5.5200000000000005	-14.67	-4.37	3.74	-23.96	2.9
11:15:00.023462	3.09	-8.86	-1.19	1.18	-6.2700000000000005	4.93	8.86	-14.82	2.56	6.95	-2.65	-5.92
11:15:00.033695	2.57	-9.27	-1.34	1.41	-9.39	3.21	6.69	-15.030000000000001	6.46	11.450000000000001	-12.950000000000001	-5.17
11:15:00.044331	1.72	-9.75	-1.41	1.26	-11.44	3.39	4.05	-14.94	10.290000000000001	7.46	-21.48	-10.26
11:15:00.054433	0.23	-10.49	-1.08	0.73	-13.82	4.09	1.68	-13.26	8.01	-8.86	-7.61	5.0200000000000005
11:15:00.064565	-0.05	-10.61	-0.67	0.38	-16.07	4.6000000000000005	0.11	-11.22	8.4	-12.33	-3.68	19.28
11:15:00.075180	-0.25	-10.72	-0.09	-0.43	-17.12	3.31	-1.16	-8.43	10.96	-5.05	-1.16	39.32
11:15:00.085635	-0.56	-10.78	0.55	-1.0	-15.83	2.77	-1.6400000000000001	-7.03	9.66	-3.5300000000000002	2.33	26.61
11:15:00.096148	-1.46	-10.450000000000001	1.55	-0.97	-14.38	2.5300000000000002	-3.44	-9.22	7.07	1.52	-15.19	10.31
11:15:00.106634	-1.78	-10.08	1.85	-0.8200000000000001	-13.5	2.09	-1.94	-7.82	6.5200000000000005	4.49	-11.28	7.6000000000000005
11:15:00.116990	-1.83	-9.66	2.0100000000000002	-1.31	-11.57	1.19	-1.94	-7.82	6.5200000000000005	2.71	-6.11	4.99
11:15:00.127544	-1.6500000000000001	-9.16	2.0100000000000002	-1.75	-10.66	0.8200000000000001	0.06	-4.5600000000000005	6.47	7.78	-4.72	0.19
11:15:00.137630	-1.16	-8.32	1.75	-2.04	-10.77	0.8	-0.17	-3.46	7.07	5.97	-5.04	1.04
11:15:00.147700	-0.96	-8.05	1.53	-2.29	-10.26	1.1300000000000001	-0.45	-3.21	7.07	3.35	-4.1	6.57
11:15:00.157775	-0.81	-7.91	1.4000000000000001	-1.8800000000000001	-9.11	1.8	-1.09	-2.91	6.84	2.07	-3.5100000000000002	13.38
11:15:00.167846	-0.6900000000000001	-7.78	1.1400000000000001	-1.16	-8.75	1.61	-1.48	-3.24	7.58	-4.17	-6.36	3.34
11:15:00.177935	-0.64	-7.79	1.04	-0.5700000000000001	-8.46	1.06	-1.77	-3.37	7.63	-3.8200000000000003	-9.11	8.57
11:15:00.188030	-0.62	-7.8	0.9400000000000001	-0.01	-8.24	0.56	-1.99	-3.67	7.33	-2.9	-10.21	7.51
11:15:00.198464	-0.6	-7.87	0.88	0.13	-8.19	0.06	-1.99	-3.67	7.33	-0.58	-9.540000000000001	3.21
11:15:00.208553	-0.75	-8.06	0.84	0.09	-7.890000000000001	0.03	-1.73	-3.74	7.46	2.5300000000000002	-11.06	1.16
11:15:00.218627	-0.91	-8.06	0.79	0.04	-7.86	0.02	-1.8900000000000001	-4.0600000000000005	7.07	3.64	-11.28	-0.58
11:15:00.228746	-1.07	-8.18	0.86	-0.55	-7.95	0.36	-2.47	-4.7700000000000005	7.13	2.84	-12.72	-1.31
11:15:00.238850	-1.24	-8.17	0.98	-1.3800000000000001	-7.2700000000000005	0.56	-2.7	-5.3	6.94	1.98	-13.25	-0.79
11:15:00.248919	-1.3900000000000001	-8.15	1.35	-1.74	-6.95	0.86	-2.95	-5.42	7.01	2.84	-15.47	-2.88
11:15:00.259007	-1.36	-8.08	1.45	-2.06	-6.45	1.19	-2.5300000000000002	-6.17	7.7700000000000005	4.22	-15.48	-3.48
11:15:00.269082	-1.31	-7.84	1.57	-2.38	-6.32	1.36	-2.48	-6.7700000000000005	7.17	5.26	-16.23	-3.72
11:15:00.279185	-1.26	-7.73	1.54	-2.58	-5.8	2.08	-2.1	-7.58	7.45	9.07	-17.81	-6.05
11:15:00.289256	-1.27	-7.7700000000000005	1.44	-2.1	-5.92	1.86	-1.79	-8.14	7.16	10.21	-17.62	-7.12
11:15:00.299467	-1.26	-7.76	1.3	-1.68	-6.1000000000000005	1.0	-1.03	-8.86	6.42	10.31	-18.23	-7.57
11:15:00.309868	-1.29	-7.68	1.19	-1.45	-5.91	0.36	-0.72	-9.370000000000001	5.57	9.26	-18.62	-8.84
11:15:00.320401	-1.29	-7.68	1.19	0.51	-6.21	0.07	0.0	-9.5	5.48	8.4	-17.96	-10.78
11:15:00.330566	-1.6600000000000001	-7.94	0.99	1.59	-6.5200000000000005	0.04	0.75	-10.46	4.69	8.56	-18.19	-13.02
11:15:00.340647	-1.82	-8.21	1.11	2.68	-7.09	0.53	0.46	-10.69	4.54	8.68	-18.55	-16.05
11:15:00.350708	-1.97	-9.290000000000001	1.59	5.98	-7.6000000000000005	0.54	-0.31	-11.03	4.23	8.99	-18.12	-18.11
11:15:00.360785	-2.04	-9.82	1.78	7.5	-8.28	0.89	-1.35	-11.18	3.96	7.62	-17.69	-21.93
11:15:00.370903	-2.09	-10.540000000000001	2.09	8.81	-9.07	0.56	-2.39	-10.84	2.96	6.76	-16.44	-22.8
11:15:00.381020	-2.31	-11.11	2.31	9.77	-9.98	0.42	-2.38	-10.23	2.4	6.49	-14.85	-24.76
11:15:00.391092	-2.7600000000000002	-11.88	2.3000000000000003	10.540000000000001	-10.13	4.5	-2.09	-9.23	1.73	6.49	-12.9	-26.830000000000002
11:15:00.401204	-2.89	-11.92	2.08	10.370000000000001	-9.68	6.28	-0.72	-6.82	0.06	6.97	-8.83	-30.12
11:15:00.411283	-2.9	-11.88	1.76	10.1	-9.58	5.34	-0.08	-5.99	-1.18	6.6000000000000005	-7.71	-31.63
11:15:00.421425	-2.79	-11.71	1.43	9.76	-9.72	2.72	0.35000000000000003	-5.96	-1.21	6.15	-6.73	-31.19
11:15:00.431851	-3.0700000000000003	-11.05	1.07	8.84	-10.28	-1.75	0.5700000000000001	-5.92	-0.58	5.57	-5.59	-27.94
11:15:00.441943	-3.23	-10.74	1.06	8.45	-9.950000000000001	-1.54	0.04	-6.67	1.03	6.05	-6.17	-27.060000000000002
11:15:00.452297	-3.38	-10.52	1.1500000000000001	7.92	-9.46	-0.52	-0.3	-7.5600000000000005	2.07	8.1	-11.58	-21.8
11:15:00.462453	-3.23	-10.620000000000001	1.37	3.97	-9.9	4.79	0.0	-8.69	2.68	11.78	-15.21	-22.21
11:15:00.472516	-1.72	-14.200000000000001	1.03	3.8200000000000003	-14.64	5.41	0.39	-16.92	-5.14	5.58	-20.69	-9.55
11:15:00.482590	-2.2800000000000002	-15.99	-0.23	4.0600000000000005	-19.06	-0.32	-0.03	-22.94	-11.44	17.490000000000002	-22.41	13.64
11:15:00.492701	-2.29	-16.19	-1.17	4.4	-15.21	-1.59	-1.46	-21.48	-0.32	17.490000000000002	-22.41	13.64
11:15:00.503129	-1.69	-15.5	-1.46	4.03	-6.98	10.23	-1.24	-10.450000000000001	4.07	0.55	-1.24	-3.65
11:15:00.513443	-1.02	-11.05	-0.06	0.5	-8.08	3.61	-3.6	-7.83	8.18	4.46	-8.540000000000001	-12.61
11:15:00.523576	-0.96	-9.76	0.71	-2.13	-10.6	-4.55	-5.36	-6.04	6.8500000000000005	2.85	-14.74	-7.3100000000000005
11:15:00.534207	-1.43	-9.290000000000001	1.24	-4.36	-10.77	-8.03	-4.19	-6.19	4.38	4.07	-11.97	2.4
11:15:00.544338	-2.47	-9.4	2.32	-5.32	-9.67	-1.71	0.84	-6.34	6.26	-6.19	-3.18	-12.14
11:15:00.554905	-2.5300000000000002	-9.84	2.61	-4.8	-10.27	0.06	2.5100000000000002	-9.56	6.83	-4.69	-9.97	-2.66
11:15:00.565010	-2.35	-10.24	2.7600000000000002	-3.85	-10.39	3.47	2.5300000000000002	-11.63	7.9	-1.56	-10.31	4.8100000000000005
11:15:00.575181	-1.77	-10.53	2.46	-3.31	-9.74	6.28	-0.1	-10.81	5.74	-2.84	-7.79	-1.1
11:15:00.585254	0.13	-11.21	1.29	1.09	-9.82	6.01	-1.62	-10.620000000000001	5.69	-2.84	-7.79	-1.1
11:15:00.595356	0.88	-11.19	0.77	2.37	-10.42	5.54	-2.96	-10.22	5.3	1.45	-11.47	-6.57
11:15:00.605439	1.1300000000000001	-10.66	0.14	2.9	-10.41	3.52	-3.16	-10.31	4.09	3.2600000000000002	-9.75	-6.4
11:15:00.615511	1.05	-9.950000000000001	-0.31	3.13	-9.55	2.38	0.0	-10.15	2.77	3.7800000000000002	-7.67	-3.14
11:15:00.625585	0.97	-8.96	-0.85	2.59	-8.370000000000001	2.1	1.22	-9.700000000000001	2.68	1.03	-8.86	-3.94
11:15:00.636210	0.91	-8.700000000000001	-0.99	1.87	-8.36	2.09	2.2800000000000002	-9.63	2.38	1.2	-10.97	-5.99
11:15:00.646277	0.72	-8.71	-1.06	1.17	-8.36	1.92	1.99	-10.08	1.93	1.78	-10.67	-5.45
11:15:00.656358	0.5	-8.81	-1.0	0.58	-8.18	2.44	1.11	-9.700000000000001	2.47	3.0300000000000002	-6.68	1.3900000000000001
11:15:00.666520	-0.18	-9.120000000000001	-0.68	-0.92	-8.36	4.13	0.51	-9.57	3.0300000000000002	1.5	-7.58	-1.37
11:15:00.677217	-0.64	-9.21	-0.46	-1.22	-8.74	4.12	0.18	-10.27	2.41	-0.24	-9.76	-5.17
11:15:00.687337	-1.22	-9.26	-0.28	-1.02	-9.28	3.79	-0.36	-10.43	2.22	0.59	-10.23	-3.35
11:15:00.697410	-1.6300000000000001	-9.1	-0.13	-0.58	-9.44	3.2	-0.93	-10.290000000000001	2.2	-0.72	-9.72	-4.3
11:15:00.707657	-1.82	-8.71	0.12	-0.58	-9.44	3.2	-0.93	-10.290000000000001	2.2	-0.72	-9.72	-4.3
11:15:00.717776	-1.68	-8.5	0.14	-0.22	-9.200000000000001	2.9	-0.29	-9.4	1.53	-0.28	-9.78	-4.14
11:15:00.727878	-1.44	-8.32	0.15	-0.05	-8.83	2.29	0.52	-9.3	1.04	-0.02	-10.72	-3.5500000000000003
11:15:00.737998	-0.91	-8.05	-0.01	0.92	-8.43	2.7	1.62	-9.91	0.5700000000000001	1.86	-8.34	-2.7
11:15:00.748072	-0.71	-8.1	-0.14	0.8200000000000001	-8.45	3.0100000000000002	1.02	-9.99	0.49	3.33	-9.27	-5.74
11:15:00.758204	-0.59	-8.1	-0.32	1.1	-8.370000000000001	3.08	0.75	-9.700000000000001	0.63	3.5300000000000002	-9.950000000000001	-6.07
11:15:00.768312	-0.72	-8.09	-0.64	1.34	-8.25	3.0500000000000003	0.79	-9.42	0.8200000000000001	2.35	-8.67	-4.07
11:15:00.778889	-0.91	-8.07	-0.73	1.71	-7.98	3.22	0.72	-9.4	0.91	0.77	-8.870000000000001	-3.2
11:15:00.788960	-1.06	-8.07	-0.76	1.6500000000000001	-7.82	3.47	0.62	-9.51	0.8200000000000001	0.77	-8.870000000000001	-3.2
11:15:00.799090	-1.21	-8.07	-0.75	1.6400000000000001	-7.97	3.5	0.53	-9.620000000000001	0.73	-1.36	-9.38	-2.5100000000000002
11:15:00.809203	-1.32	-8.27	-0.7000000000000001	1.72	-8.22	3.38	0.53	-9.61	0.54	-0.36	-9.86	-3.19
11:15:00.819273	-1.3800000000000001	-8.32	-0.62	1.6600000000000001	-8.44	3.0	0.61	-9.8	0.19	1.19	-9.0	-4.11
11:15:00.829710	-1.45	-8.35	-0.48	1.93	-8.57	2.94	0.56	-9.700000000000001	0.26	2.66	-9.11	-4.3500000000000005
11:15:00.839850	-1.56	-8.4	-0.34	1.59	-8.78	2.75	0.52	-9.58	0.29	3.34	-8.84	-5.11
11:15:00.850094	-1.67	-8.38	0.09	1.54	-8.76	2.5	0.45	-9.69	0.62	1.9100000000000001	-9.200000000000001	-4.19
11:15:00.860561	-1.59	-8.43	0.3	0.92	-9.01	2.47	0.25	-9.78	0.87	1.9100000000000001	-9.200000000000001	-4.19
11:15:00.870627	-1.68	-8.41	0.35000000000000003	0.66	-9.32	2.57	-0.22	-10.03	1.29	1.9100000000000001	-9.200000000000001	-4.19
11:15:00.880909	-1.51	-8.5	0.43	0.46	-9.36	2.33	1.0	-9.5	2.09	-1.69	-12.09	-2.67
11:15:00.890981	-1.51	-8.5	0.43	0.27	-9.02	3.0100000000000002	0.25	-10.120000000000001	1.33	-2.92	-9.96	-3.66
11:15:00.901055	-1.49	-8.64	0.31	-0.09	-8.27	4.2	-0.14	-9.65	1.8800000000000001	-2.43	-10.66	-3.02
11:15:00.911134	-1.6400000000000001	-8.81	0.18	0.15	-8.35	3.54	0.41000000000000003	-9.67	1.06	0.61	-9.540000000000001	-4.86
11:15:00.921211	-1.6500000000000001	-9.21	0.16	0.67	-8.52	3.04	0.18	-9.9	-0.04	0.61	-9.540000000000001	-4.86
11:15:00.931334	-1.71	-10.14	0.2	1.08	-8.700000000000001	2.84	-0.5700000000000001	-9.82	-0.07	6.5	-8.72	-5.67
11:15:00.941807	-1.75	-10.39	0.33	1.43	-9.21	2.8000000000000003	-1.1300000000000001	-9.99	-0.34	7.0600000000000005	-9.05	-5.97
11:15:00.951911	-1.87	-10.66	0.37	1.35	-9.49	3.04	-1.34	-10.36	-0.76	7.5600000000000005	-9.89	-5.8
11:15:00.962035	-1.99	-10.83	0.5	1.48	-9.99	3.13	-1.2	-10.75	-0.66	7.04	-10.450000000000001	-5.53
11:15:00.972174	-2.64	-11.18	0.7000000000000001	1.59	-10.41	3.2	-0.96	-11.0	-0.52	6.16	-10.950000000000001	-5.71
11:15:00.982699	-2.99	-11.22	0.77	2.16	-10.44	3.41	-0.85	-11.040000000000001	-0.24	5.38	-11.51	-5.83
11:15:00.992824	-3.36	-11.19	0.81	2.15	-10.05	3.42	-0.74	-11.05	-0.18	3.65	-12.11	-5.83
11:15:01.002949	-3.65	-11.040000000000001	0.81	1.97	-9.78	3.11	-0.84	-10.91	-0.03	3.65	-12.11	-5.83
11:15:01.013075	-3.99	-10.51	0.59	2.23	-9.540000000000001	2.86	-0.85	-10.790000000000001	-0.04	2.0100000000000002	-12.75	-5.76
11:15:01.023193	-4.03	-10.14	0.31	2.43	-9.43	3.06	-0.78	-10.86	-0.23	2.0100000000000002	-12.75	-5.76
11:15:01.033543	-3.95	-9.83	0.09	2.56	-9.55	2.87	-0.91	-11.05	-0.48	2.09	-13.27	-5.72
11:15:01.043830	-3.85	-9.53	-0.22	3.39	-9.42	2.95	-1.16	-11.3	-0.67	2.09	-13.27	-5.72
11:15:01.054326	-3.25	-9.11	-0.78	3.81	-9.07	3.7	-1.81	-11.46	-0.59	2.09	-13.27	-5.72
11:15:01.064548	-2.41	-9.51	-1.09	4.8100000000000005	-8.86	3.97	-0.73	-12.66	-0.39	2.83	-16.13	-6.45
11:15:01.074734	-1.62	-10.39	-0.96	5.73	-9.43	4.39	0.0	-14.72	-2.71	6.37	-19.12	-3.94
11:15:01.085163	-0.19	-11.97	0.4	5.73	-9.43	4.39	-1.7	-15.99	-1.42	6.37	-19.12	-3.94
11:15:01.095525	-0.8200000000000001	-15.14	3.75	5.7	-10.950000000000001	0.76	-2.38	-15.76	-2.73	1.92	-24.36	-3.41
11:15:01.105765	-2.54	-15.35	4.94	5.34	-11.08	0.85	-1.77	-16.830000000000002	-5.29	2.63	-26.84	2.73
11:15:01.115839	-4.33	-14.31	5.1000000000000005	4.78	-10.41	0.78	-0.63	-17.11	-6.21	1.69	-26.19	5.87
11:15:01.125917	-3.18	-11.42	3.5100000000000002	2.54	-8.89	0.78	1.23	-16.7	-6.8100000000000005	3.61	-23.45	-0.79
11:15:01.136010	-0.01	-10.02	2.36	1.59	-7.75	1.3900000000000001	5.08	-13.73	-3.41	6.0	-14.59	0.36
11:15:01.146128	2.58	-9.07	1.0	0.71	-6.69	3.33	5.49	-14.450000000000001	4.89	8.57	-3.7	-5.3
11:15:01.156200	4.33	-8.74	-0.17	0.47000000000000003	-6.65	4.63	3.7800000000000002	-14.120000000000001	8.42	8.57	-3.7	-5.3
11:15:01.166303	4.63	-8.8	-2.2600000000000002	0.8300000000000001	-9.17	3.91	3.7800000000000002	-14.120000000000001	8.42	12.91	-16.43	-6.3100000000000005
11:15:01.176409	3.33	-9.63	-2.7	1.05	-11.09	4.78	2.89	-15.35	8.44	5.43	-14.46	-2.66
11:15:01.186596	1.53	-10.620000000000001	-2.61	0.96	-13.14	5.3500000000000005	3.2800000000000002	-13.530000000000001	6.93	-5.4	-9.28	1.44
11:15:01.196713	0.09	-11.35	-2.24	0.47000000000000003	-15.23	5.37	2.34	-10.99	8.21	-14.9	-6.04	11.450000000000001
11:15:01.206869	-1.47	-11.73	-1.1300000000000001	1.01	-17.31	3.69	-1.25	-6.5600000000000005	9.700000000000001	-9.21	3.7	34.69
11:15:01.217497	-1.61	-11.55	-0.41000000000000003	0.79	-16.77	3.0300000000000002	-2.54	-8.040000000000001	7.82	-9.4	-2.11	14.780000000000001
11:15:01.227566	-1.6300000000000001	-10.97	0.93	-0.41000000000000003	-15.790000000000001	2.43	-2.95	-9.13	6.69	-9.4	-2.11	14.780000000000001
11:15:01.238188	-1.6300000000000001	-10.97	0.93	-1.08	-14.76	2.24	-1.36	-7.11	6.63	5.39	-15.4	10.43
11:15:01.248520	-1.72	-9.68	1.83	-2.05	-12.3	1.71	-0.9400000000000001	-6.16	7.22	6.7700000000000005	-6.26	1.96
11:15:01.258735	-1.6600000000000001	-9.22	1.93	-1.52	-11.27	1.34	-0.16	-5.08	7.91	7.55	-0.88	-5.14
11:15:01.269159	-1.54	-8.76	1.86	-2.22	-10.55	1.23	0.3	-2.98	7.61	7.55	-0.88	-5.14
11:15:01.279587	-1.54	-8.76	1.86	-2.33	-10.43	1.28	0.16	-3.02	7.15	5.67	-3.5100000000000002	8.69
11:15:01.289661	-1.09	-7.95	1.3	-2.4	-8.85	1.3900000000000001	-0.07	-3.29	6.7700000000000005	-2.96	-4.0600000000000005	10.71
11:15:01.299737	-1.0	-7.91	1.08	-2.0	-8.91	1.43	-0.51	-3.37	6.93	-2.96	-4.0600000000000005	10.71
11:15:01.309819	-0.87	-7.8500000000000005	0.78	-1.36	-8.51	1.09	-1.11	-3.63	7.71	-2.96	-4.0600000000000005	10.71
11:15:01.319977	-0.87	-7.84	0.7000000000000001	-0.27	-7.5200000000000005	0.34	-1.27	-3.5	7.76	-0.44	-7.51	2.91
11:15:01.330043	-0.93	-7.9	0.66	-0.36	-7.88	0.32	-1.27	-3.23	7.67	-0.44	-7.51	2.91
11:15:01.340206	-1.17	-7.91	0.63	-0.14	-7.5200000000000005	0.38	-1.04	-3.44	7.59	2.5100000000000002	-9.94	2.88
11:15:01.350271	-1.47	-7.98	0.7000000000000001	-0.63	-7.19	0.67	-1.06	-3.95	7.32	2.5100000000000002	-9.94	2.88
11:15:01.360374	-1.52	-7.930000000000001	0.7000000000000001	-1.22	-6.84	1.1	-1.1400000000000001	-4.43	7.3	-0.36	-13.65	0.06
11:15:01.370443	-1.43	-7.97	0.8	-1.67	-6.69	1.32	-1.24	-4.64	7.7	-0.78	-14.870000000000001	-1.18
11:15:01.380519	-1.3900000000000001	-7.9	0.8200000000000001	-1.92	-6.48	1.56	-2.0100000000000002	-5.0600000000000005	7.58	-0.11	-15.31	-1.62
11:15:01.390644	-1.33	-7.78	0.85	-1.87	-6.19	1.44	-2.57	-5.86	7.33	0.9500000000000001	-16.79	-3.47
11:15:01.400719	-1.3	-7.71	0.84	-2.57	-5.71	2.8000000000000003	-3.25	-6.71	7.67	0.9500000000000001	-16.79	-3.47
11:15:01.410800	-1.27	-7.63	0.81	-2.62	-5.99	2.36	-3.2600000000000002	-8.5	7.03	6.38	-18.98	-7.86
11:15:01.420866	-1.21	-7.6000000000000005	0.8200000000000001	-2.32	-6.29	1.22	-2.11	-8.72	6.45	7.12	-19.85	-9.33
11:15:01.430950	-1.1400000000000001	-7.61	0.78	-2.5	-6.26	0.1	-0.43	-8.97	5.4	7.390000000000001	-19.86	-11.38
11:15:01.441022	-1.1500000000000001	-7.640000000000001	0.77	-0.78	-7.01	-0.78	0.9400000000000001	-9.67	4.94	5.8100000000000005	-18.75	-12.97
11:15:01.451140	-1.26	-7.73	0.74	0.56	-7.37	-0.77	2.05	-10.32	4.38	5.67	-17.79	-14.290000000000001
11:15:01.461896	-1.33	-8.03	0.75	2.48	-8.040000000000001	-0.9	1.67	-10.28	4.25	6.57	-17.19	-16.39
11:15:01.471963	-1.55	-8.46	0.74	4.55	-8.31	-1.55	0.91	-10.22	4.18	10.43	-15.69	-20.16
11:15:01.482146	-1.33	-9.01	0.89	8.16	-8.05	-1.37	-0.37	-10.8	3.93	11.33	-14.56	-20.5
11:15:01.492771	-1.3	-9.56	1.03	9.44	-8.14	-0.78	-1.25	-10.81	4.04	11.23	-14.030000000000001	-21.55
11:15:01.502907	-1.6	-10.540000000000001	1.29	9.97	-8.48	0.63	-2.02	-10.450000000000001	3.5700000000000003	10.040000000000001	-13.120000000000001	-22.94
11:15:01.513018	-1.97	-10.9	1.4000000000000001	8.74	-8.88	8.67	-2.04	-9.58	2.68	5.96	-11.200000000000001	-26.05
11:15:01.523149	-2.34	-11.040000000000001	1.45	8.120000000000001	-9.33	7.96	-0.79	-7.91	0.77	5.24	-10.08	-27.01
11:15:01.533795	-2.56	-11.19	1.36	7.8100000000000005	-9.76	4.74	-0.39	-7.44	0.33	5.24	-10.08	-27.01
11:15:01.543929	-2.77	-11.4	1.1500000000000001	7.5	-10.120000000000001	1.11	-0.43	-7.11	0.28	4.38	-7.78	-28.35
11:15:01.554028	-2.87	-11.42	1.1400000000000001	7.45	-10.13	-2.84	-0.99	-6.9	1.04	4.38	-7.78	-28.35
11:15:01.564681	-3.04	-11.4	1.18	7.76	-9.700000000000001	-2.69	-0.96	-7.12	1.54	4.28	-6.29	-25.91
11:15:01.574833	-3.25	-11.39	1.41	7.94	-9.23	-1.18	-0.68	-7.23	2.13	4.28	-6.29	-25.91
11:15:01.585489	-3.84	-11.16	2.0100000000000002	7.48	-8.78	0.61	-0.3	-7.38	2.72	5.28	-8.99	-17.78
11:15:01.595580	-4.15	-10.93	2.2600000000000002	5.09	-7.91	3.3000000000000003	0.32	-8.55	3.86	11.92	-14.47	-15.280000000000001
11:15:01.605708	-4.3100000000000005	-10.84	2.48	3.5	-7.78	3.5	0.67	-9.4	3.37	11.4	-4.15	-21.69
11:15:01.615973	-4.13	-10.870000000000001	2.64	2.33	-8.99	3.5500000000000003	-0.09	-11.88	1.9000000000000001	13.4	-28.91	22.150000000000002
11:15:01.626039	-2.2	-13.040000000000001	2.04	2.08	-14.41	4.23	-0.91	-22.67	-13.32	18.02	-26.86	21.45
11:15:01.636381	-2.52	-14.46	0.46	3.5	-14.36	-2.67	-1.4000000000000001	-20.990000000000002	-2.75	18.02	-26.86	21.45
11:15:01.646626	-2.29	-14.47	-0.75	4.88	-9.5	5.73	0.35000000000000003	-11.620000000000001	2.82	-11.620000000000001	2.42	-30.17
11:15:01.656780	-1.37	-13.870000000000001	-1.33	5.28	-7.87	6.84	-7.08	-7.53	4.58	1.76	-15.58	-4.0600000000000005
11:15:01.666911	-0.34	-11.25	-1.1500000000000001	2.41	-10.28	-1.41	-7.08	-7.53	4.58	3.98	-10.96	5.48
11:15:01.677040	-0.06	-10.200000000000001	-0.66	0.15	-9.98	-1.95	-3.66	-6.75	4.05	3.98	-10.96	5.48
11:15:01.687532	-0.3	-9.58	-0.13	-1.12	-9.200000000000001	-2.54	0.79	-9.25	3.89	1.25	-4.0600000000000005	2.5100000000000002
11:15:01.697607	-1.79	-9.03	1.37	-2.52	-9.47	-2.61	2.66	-10.8	5.0200000000000005	-3.56	-10.02	-4.24
11:15:01.707697	-1.85	-9.040000000000001	1.71	-4.53	-9.64	0.06	3.24	-10.78	4.95	-3.56	-10.02	-4.24
11:15:01.717821	-1.6500000000000001	-9.0	1.8800000000000001	-4.8	-8.49	4.45	1.7	-9.96	4.08	-3.56	-10.02	-4.24
11:15:01.727917	-0.18	-9.27	1.53	-3.15	-7.930000000000001	5.34	-0.92	-9.63	3.74	-3.56	-10.02	-4.24
11:15:01.738100	0.59	-9.57	1.3900000000000001	-0.31	-7.79	5.7	-0.67	-9.450000000000001	3.79	-3.56	-10.02	-4.24
11:15:01.748703	0.97	-9.76	1.05	4.53	-8.96	6.34	-0.66	-9.52	3.41	-3.56	-10.02	-4.24
11:15:01.758825	0.9400000000000001	-9.91	0.77	4.7700000000000005	-9.71	4.44	0.15	-9.64	2.74	-3.56	-10.02	-4.24
11:15:01.768995	0.19	-9.96	0.06	4.55	-9.73	2.7	0.6	-9.700000000000001	2.62	-3.56	-10.02	-4.24
11:15:01.779069	-0.01	-9.89	-0.32	3.69	-9.0	2.0300000000000002	1.27	-9.86	2.06	-3.56	-10.02	-4.24
11:15:01.789379	-0.01	-9.89	-0.32	1.54	-8.22	2.07	1.27	-9.86	2.06	2.57	-8.9	-3.16
11:15:01.799609	-0.1	-9.700000000000001	-0.63	0.86	-8.03	2.4	1.6300000000000001	-10.16	1.73	1.6	-8.15	-1.55
11:15:01.809716	-0.59	-9.370000000000001	-0.78	0.01	-8.21	3.12	0.92	-9.63	3.15	1.6	-8.15	-1.55
11:15:01.819985	-1.0	-9.38	-0.63	-0.62	-8.59	3.36	0.5	-9.57	3.5700000000000003	2.47	-9.72	-5.12
11:15:01.830058	-1.43	-9.35	-0.45	-1.16	-9.42	3.52	-0.53	-10.200000000000001	3.37	2.16	-9.09	-4.51
11:15:01.840129	-1.81	-9.32	-0.24	-1.34	-9.69	3.29	-0.9	-10.120000000000001	3.47	1.58	-8.63	-3.5100000000000002
11:15:01.850260	-2.1	-9.08	0.0	-1.41	-9.68	3.33	-0.89	-9.93	3.36	0.49	-9.11	-3.96
11:15:01.860375	-1.96	-8.89	0.06	-1.25	-9.67	3.29	-0.39	-9.8	2.81	0.47000000000000003	-9.47	-3.95
11:15:01.870486	-1.75	-8.72	0.12	-0.07	-8.99	2.8000000000000003	0.8200000000000001	-9.59	1.67	0.07	-9.44	-3.68
11:15:01.880556	-1.28	-8.39	0.1	0.88	-8.65	2.71	1.27	-9.36	1.41	0.9	-8.8	-3.46
11:15:01.890623	-1.16	-8.31	0.05	0.91	-8.55	2.54	1.3	-9.450000000000001	1.11	2.06	-8.23	-3.54
11:15:01.900699	-1.08	-8.2	-0.05	1.21	-8.36	2.4	-0.39	-9.76	1.58	3.45	-8.290000000000001	-4.42
11:15:01.910786	-1.08	-8.25	-0.1	1.34	-8.2	2.25	-1.3900000000000001	-9.84	1.56	4.43	-8.46	-4.92
11:15:01.920913	-1.4000000000000001	-8.31	-0.43	1.56	-8.41	2.46	-1.95	-9.83	1.6	2.54	-9.02	-4.15
11:15:01.930993	-1.47	-8.35	-0.55	1.57	-8.540000000000001	2.54	-1.62	-9.71	1.24	1.79	-9.21	-4.24
11:15:01.941064	-1.52	-8.32	-0.68	1.51	-8.64	2.63	0.68	-9.53	1.17	1.01	-9.46	-4.2700000000000005
11:15:01.951131	-1.48	-8.35	-0.79	1.32	-8.3	2.99	1.3900000000000001	-9.41	1.25	0.78	-8.98	-4.2
11:15:01.961206	-1.17	-8.45	-0.93	0.93	-8.19	3.23	1.52	-9.52	1.01	1.81	-8.61	-4.63
11:15:01.971302	-1.09	-8.51	-0.9500000000000001	1.05	-8.3	3.4	0.4	-9.71	1.28	2.5100000000000002	-9.08	-4.42
11:15:01.981380	-1.09	-8.59	-0.93	0.75	-8.86	3.16	0.08	-9.64	1.56	2.31	-9.21	-4.75
11:15:01.991473	-1.2	-8.57	-0.89	0.73	-8.82	3.21	-0.42	-9.74	1.67	1.75	-9.24	-3.7600000000000002
11:15:02.001600	-1.2	-8.57	-0.89	1.04	-9.01	2.8000000000000003	-0.9	-9.97	1.74	1.75	-9.24	-3.7600000000000002
11:15:02.011671	-1.3800000000000001	-8.290000000000001	-0.55	1.16	-9.14	2.64	-0.8200000000000001	-9.9	1.8800000000000001	2.33	-9.1	-5.63
11:15:02.021770	-1.32	-8.13	-0.44	1.12	-9.35	2.24	-0.68	-10.16	1.87	2.09	-9.84	-4.29
11:15:02.032421	-1.3	-8.21	-0.22	0.85	-9.58	2.34	-0.3	-10.49	1.3800000000000001	1.3900000000000001	-13.370000000000001	-6.97
11:15:02.042660	-1.27	-8.51	-0.05	0.59	-9.69	2.42	0.78	-10.61	1.28	-0.05	-10.84	-4.41
11:15:02.052731	-1.46	-8.91	-0.08	0.25	-9.120000000000001	3.86	-0.08	-10.620000000000001	0.8	-0.12	-10.11	-3.39
11:15:02.062799	-1.62	-9.36	-0.07	0.42	-9.120000000000001	3.64	-0.35000000000000003	-10.120000000000001	0.79	-0.12	-10.11	-3.39
11:15:02.072884	-1.9100000000000001	-10.17	-0.13	0.9	-9.120000000000001	3.2	-0.67	-10.31	0.26	4.98	-9.64	-5.18
11:15:02.082956	-2.04	-10.5	-0.18	1.35	-9.19	2.68	-0.6	-10.26	-1.33	7.98	-8.66	-6.84
11:15:02.093426	-2.18	-10.8	-0.18	2.25	-9.34	2.62	-0.5700000000000001	-9.98	-0.99	7.98	-8.66	-6.84
11:15:02.103819	-2.35	-11.0	-0.17	2.41	-9.47	2.95	-0.9400000000000001	-10.31	-1.29	7.98	-8.66	-6.84
11:15:02.113919	-2.84	-11.18	0.03	2.5100000000000002	-9.47	3.19	-0.92	-10.34	-1.04	7.98	-8.66	-6.84
11:15:02.124722	-3.14	-11.120000000000001	0.13	2.54	-9.620000000000001	3.3200000000000003	-0.79	-10.46	-0.62	4.94	-11.16	-5.94
11:15:02.135300	-3.44	-10.94	0.17	2.09	-9.6	3.6	-0.66	-10.78	-0.79	3.73	-12.040000000000001	-6.12
11:15:02.145475	-3.7600000000000002	-10.74	0.24	1.94	-9.68	3.59	-0.39	-10.84	-0.3	3.73	-12.040000000000001	-6.12
11:15:02.155574	-4.11	-10.14	0.13	1.74	-9.67	3.48	-0.45	-11.01	0.48	3.73	-12.040000000000001	-6.12
11:15:02.165669	-4.22	-9.88	0.03	1.75	-9.56	3.69	-0.75	-10.88	1.05	2.21	-12.530000000000001	-5.83
11:15:02.175781	-4.2	-9.64	-0.12	1.96	-9.39	3.47	-1.21	-10.75	1.48	2.21	-12.530000000000001	-5.83
11:15:02.186345	-4.04	-9.43	-0.26	2.45	-9.31	3.41	-1.79	-10.81	1.32	2.25	-13.01	-5.42
11:15:02.196435	-2.8000000000000003	-9.700000000000001	-0.77	2.96	-9.09	3.71	-1.7	-11.26	0.9500000000000001	2.52	-14.450000000000001	-6.23
11:15:02.206509	-1.96	-10.53	-0.65	3.7	-9.22	3.31	0.5700000000000001	-12.11	0.2	5.21	-15.02	-5.45
11:15:02.216583	-0.28	-11.950000000000001	0.78	4.84	-10.89	4.14	1.9100000000000001	-14.06	-2.36	3.84	-18.400000000000002	-8.48
11:15:02.226661	-0.87	-14.76	3.7600000000000002	5.16	-11.11	2.72	-1.06	-14.89	-1.49	3.84	-18.400000000000002	-8.48
11:15:02.236735	-2.99	-15.02	4.62	4.98	-11.17	2.29	-2.86	-15.17	-2.7600000000000002	3.84	-18.400000000000002	-8.48
11:15:02.246809	-5.3100000000000005	-14.5	4.39	5.3	-11.16	2.54	-2.86	-15.17	-2.7600000000000002	-1.32	-26.05	0.58
11:15:02.256878	-6.63	-13.370000000000001	3.2800000000000002	4.34	-9.620000000000001	0.6	1.04	-15.82	-7.46	-1.32	-26.05	0.58
11:15:02.266980	-1.32	-10.76	1.24	3.39	-8.86	-0.22	2.31	-15.200000000000001	-8.38	1.52	-25.75	-2.12
11:15:02.277077	2.18	-9.73	0.22	1.94	-7.92	-0.15	3.8200000000000003	-15.0	-6.44	4.72	-23.7	3.7
11:15:02.287515	3.8200000000000003	-9.23	-0.85	1.1300000000000001	-6.96	0.72	8.35	-12.39	4.18	6.55	-3.3000000000000003	-1.12
11:15:02.298025	4.63	-8.99	-1.81	0.8	-6.49	3.35	8.35	-12.39	4.18	12.08	-4.66	-7.05
11:15:02.308137	3.33	-10.07	-2.48	1.16	-7.46	3.08	-0.02	-14.24	10.38	12.08	-4.66	-7.05
11:15:02.318234	2.06	-10.91	-2.31	1.28	-8.870000000000001	3.62	-0.27	-13.97	6.7	12.08	-4.66	-7.05
11:15:02.328369	0.8200000000000001	-11.39	-2.02	0.63	-13.93	4.66	0.31	-11.55	7.03	12.08	-4.66	-7.05
11:15:02.338469	-0.04	-11.61	-1.55	0.0	-16.19	4.38	-0.5700000000000001	-8.68	10.120000000000001	-5.44	-2.56	2.9
11:15:02.348909	-0.72	-11.31	-0.42	-0.34	-17.39	3.56	-1.1500000000000001	-6.32	9.64	-9.200000000000001	-0.15	20.05
11:15:02.358999	-0.99	-10.57	0.79	-0.72	-17.48	2.7600000000000002	-2.23	-7.84	7.3	-9.31	4.71	24.580000000000002
11:15:02.369103	-1.33	-10.24	1.22	-0.66	-15.08	1.95	-2.95	-9.450000000000001	5.55	-9.31	4.71	24.580000000000002
11:15:02.379666	-1.33	-10.24	1.22	-0.8300000000000001	-13.69	1.8	-2.06	-9.26	5.69	2.34	-20.900000000000002	11.94
11:15:02.389764	-1.9100000000000001	-9.27	1.81	-1.58	-12.81	1.45	-0.27	-6.09	6.47	4.58	-17.6	9.4
11:15:02.400212	-1.6600000000000001	-8.97	1.79	-1.85	-12.17	1.21	-0.03	-4.83	7.41	7.0600000000000005	-2.81	-2.9
11:15:02.410312	-1.32	-8.65	1.68	-1.6	-10.26	0.85	0.09	-4.5200000000000005	7.44	7.0600000000000005	-2.81	-2.9
11:15:02.420386	-0.88	-8.15	1.26	-1.72	-9.52	0.96	0.22	-3.81	6.59	7.0600000000000005	-2.81	-2.9
11:15:02.430966	-0.8	-7.96	1.07	-2.82	-9.88	1.27	-0.45	-3.73	6.63	4.46	-5.1000000000000005	16.2
11:15:02.441108	-0.8	-7.83	0.88	-1.43	-9.11	1.37	-0.8300000000000001	-3.59	6.96	-5.3100000000000005	-6.68	2.18
11:15:02.451246	-0.76	-7.73	0.76	-0.54	-8.66	0.91	-1.1400000000000001	-3.72	7.6000000000000005	-5.3100000000000005	-6.68	2.18
11:15:02.461314	-0.8	-7.67	0.72	-0.02	-8.35	0.47000000000000003	-1.8800000000000001	-3.83	7.47	-5.3100000000000005	-6.68	2.18
11:15:02.471383	-0.87	-7.66	0.74	0.1	-7.96	0.28	-2.1	-3.48	7.36	-1.83	-9.31	4.46
11:15:02.481462	-0.97	-7.7	0.8	0.21	-7.78	-0.05	-2.14	-3.5500000000000003	7.1000000000000005	2.99	-10.34	2.5300000000000002
11:15:02.491649	-1.1500000000000001	-7.76	1.02	0.08	-7.5600000000000005	0.31	-2.12	-4.33	7.67	3.87	-11.88	0.25
11:15:02.501773	-1.26	-7.78	1.25	-0.27	-7.21	0.75	-2.25	-4.8	7.91	3.87	-11.88	0.25
11:15:02.512371	-1.21	-7.8	1.3800000000000001	-0.8	-6.7700000000000005	1.08	-2.32	-5.23	7.75	3.87	-11.88	0.25
11:15:02.522516	-1.18	-7.8	1.46	-2.09	-6.04	1.7	-2.0300000000000002	-5.8500000000000005	7.09	2.09	-15.540000000000001	-2.58
11:15:02.532611	-1.1	-7.87	1.52	-2.5300000000000002	-5.91	1.72	-1.76	-6.08	6.75	2.09	-15.540000000000001	-2.58
11:15:02.542728	-1.1	-7.87	1.42	-2.93	-5.6000000000000005	2.16	-1.36	-6.62	6.21	5.26	-17.02	-4.62
11:15:02.552850	-1.19	-7.75	1.34	-2.97	-5.72	2.86	-1.3	-7.28	6.2	9.44	-16.65	-7.12
11:15:02.563508	-1.25	-7.640000000000001	1.23	-1.86	-6.25	1.1400000000000001	-0.86	-9.09	6.23	9.94	-17.53	-8.26
11:15:02.573846	-1.27	-7.5	0.92	-1.45	-6.16	0.16	-0.47000000000000003	-9.69	6.0	9.94	-17.53	-8.26
11:15:02.584587	-1.28	-7.49	0.81	-0.79	-6.390000000000001	-0.17	0.26	-9.78	4.95	8.77	-18.46	-8.98
11:15:02.594653	-1.36	-7.51	0.78	0.8	-6.75	-0.3	1.01	-9.86	4.54	7.37	-17.42	-10.93
11:15:02.604726	-1.55	-7.75	0.76	3.8200000000000003	-7.45	0.21	0.17	-10.040000000000001	4.2700000000000005	7.37	-17.42	-10.93
11:15:02.614797	-1.61	-8.0	0.78	5.34	-7.83	0.31	-0.67	-10.57	3.98	7.37	-17.42	-10.93
11:15:02.624865	-1.55	-8.44	0.84	6.86	-7.97	0.1	-1.6500000000000001	-10.97	4.05	7.37	-17.42	-10.93
11:15:02.634992	-1.6300000000000001	-8.790000000000001	0.86	9.44	-8.63	0.5700000000000001	-2.61	-11.290000000000001	4.03	7.37	-17.42	-10.93
11:15:02.645054	-1.6600000000000001	-9.73	1.1400000000000001	10.3	-8.96	0.9	-2.62	-11.11	3.8200000000000003	7.37	-17.42	-10.93
11:15:02.655130	-1.58	-10.31	1.4000000000000001	10.64	-9.25	2.1	-2.44	-10.69	3.22	7.37	-17.42	-10.93
11:15:02.665225	-1.8800000000000001	-10.86	1.55	10.53	-9.290000000000001	4.5600000000000005	-2.2600000000000002	-9.85	2.69	7.37	-17.42	-10.93
11:15:02.675334	-2.3000000000000003	-11.32	1.59	9.040000000000001	-9.64	5.26	-1.01	-6.65	-0.38	7.37	-17.42	-10.93
11:15:02.685578	-3.16	-11.85	1.81	8.43	-10.03	2.72	-0.47000000000000003	-6.22	-1.68	7.5	-16.84	-22.12
11:15:02.695663	-3.2600000000000002	-11.8	1.86	8.15	-10.23	-0.13	0.18	-6.1000000000000005	-1.92	3.39	-6.92	-28.77
11:15:02.705782	-3.31	-11.64	1.79	7.74	-10.05	-1.37	0.5	-6.04	-0.86	3.39	-6.92	-28.77
11:15:02.716220	-3.22	-11.48	1.78	7.59	-9.51	-1.77	0.12	-6.45	-0.1	3.39	-6.92	-28.77
11:15:02.726347	-3.3200000000000003	-10.870000000000001	1.73	7.25	-8.99	-0.46	-0.02	-6.83	0.75	3.39	-6.92	-28.77
11:15:02.736431	-3.5500000000000003	-10.49	1.67	6.49	-8.49	1.12	0.14	-7.16	1.92	3.39	-6.92	-28.77
11:15:02.746497	-3.65	-10.21	1.72	5.5	-7.97	2.45	0.51	-9.17	3.15	3.39	-6.92	-28.77
11:15:02.756569	-3.21	-10.08	1.8800000000000001	3.46	-11.85	4.57	0.23	-13.05	0.8200000000000001	3.39	-6.92	-28.77
11:15:02.766742	-0.99	-13.780000000000001	1.04	3.92	-19.32	2.5300000000000002	0.05	-20.78	-10.46	11.53	-16.72	-14.91
11:15:02.777424	-1.3900000000000001	-15.77	-0.64	3.69	-18.48	-4.19	-1.7	-18.73	1.94	-2.99	3.0	-19.18
11:15:02.787634	-1.3	-16.37	-1.71	5.29	-12.25	3.9	-1.9100000000000001	-9.81	6.69	-7.44	4.14	-29.830000000000002
11:15:02.797698	-1.04	-13.68	-1.9100000000000001	4.14	-8.32	5.7700000000000005	-6.3500000000000005	-7.18	7.53	-7.44	4.14	-29.830000000000002
11:15:02.808050	-0.48	-11.49	-1.03	0.6	-10.34	-0.29	-5.21	-6.29	4.95	4.26	-10.56	7.44
11:15:02.818118	-0.31	-10.1	-0.27	-2.85	-10.74	-2.95	-2.35	-5.2	5.9	4.26	-10.56	7.44
11:15:02.828222	-0.56	-9.35	0.31	-3.73	-9.96	-5.99	0.7000000000000001	-7.65	5.8100000000000005	-1.18	-0.71	-6.21
11:15:02.838349	-1.7	-9.4	1.4000000000000001	-5.44	-10.43	-2.91	3.7600000000000002	-11.3	7.69	-9.450000000000001	-4.76	-8.27
11:15:02.848999	-2.07	-9.44	1.84	-5.67	-9.73	1.99	3.18	-10.61	6.25	-4.3	-9.51	2.0
11:15:02.859066	-1.77	-9.61	2.5	-5.34	-8.74	6.2700000000000005	1.23	-10.28	5.69	-4.05	-8.24	-1.12
11:15:02.869171	-0.08	-10.64	2.0	-4.12	-8.38	5.44	-0.9400000000000001	-10.06	5.59	-0.59	-8.53	-2.92
11:15:02.879275	0.56	-10.86	1.54	2.21	-9.27	7.18	-1.84	-10.03	3.59	1.49	-10.99	-5.84
11:15:02.889415	0.6900000000000001	-10.74	0.96	3.17	-10.27	5.8100000000000005	-1.1	-9.92	3.0500000000000003	4.45	-8.96	-6.75
11:15:02.899518	0.6900000000000001	-10.74	0.96	3.94	-10.15	4.04	-1.1	-9.92	3.0500000000000003	4.45	-8.96	-6.75
11:15:02.909672	0.6	-10.44	0.51	4.53	-9.19	2.94	1.72	-10.01	1.92	3.3000000000000003	-8.33	-3.1
11:15:02.919792	0.21	-9.36	-0.66	3.13	-8.28	1.51	2.54	-9.73	1.41	0.03	-9.82	-4.2700000000000005
11:15:02.930286	-0.07	-9.15	-0.88	2.2800000000000002	-7.95	1.8	2.38	-9.84	1.23	0.75	-10.16	-2.99
11:15:02.940560	-0.07	-9.15	-0.88	1.5	-8.05	1.83	1.43	-10.01	1.7	0.75	-10.16	-2.99
11:15:02.950628	-0.8	-9.040000000000001	-0.77	0.62	-8.32	2.16	-0.21	-9.540000000000001	3.15	2.0	-7.03	-0.8200000000000001
11:15:02.960697	-1.1400000000000001	-9.120000000000001	-0.6	-0.9	-8.69	3.84	-0.33	-9.69	3.17	1.99	-9.46	-4.97
11:15:02.970770	-1.53	-9.11	-0.4	-1.1	-9.24	3.58	-0.34	-10.21	2.7600000000000002	3.0700000000000003	-9.14	-4.92
11:15:02.980874	-1.78	-9.09	-0.19	-1.25	-9.83	3.34	-0.93	-10.35	2.56	3.0700000000000003	-9.14	-4.92
11:15:02.990992	-1.9000000000000001	-8.790000000000001	0.07	-0.35000000000000003	-9.68	3.02	-1.0	-10.01	2.7	0.9500000000000001	-9.59	-4.18
11:15:03.001112	-1.75	-8.6	0.15	-0.46	-9.48	2.92	-0.79	-9.78	2.24	0.53	-9.44	-4.28
11:15:03.011231	-1.49	-8.4	0.14	-0.25	-9.120000000000001	2.94	-0.17	-9.58	1.74	0.53	-9.44	-4.28
11:15:03.021334	-1.08	-8.08	-0.08	0.27	-8.85	2.61	1.05	-9.68	1.09	-1.04	-8.99	-1.5
11:15:03.031998	-0.9400000000000001	-7.96	-0.18	1.12	-8.36	2.42	1.43	-9.82	0.99	2.0300000000000002	-8.26	-3.89
11:15:03.042082	-0.86	-7.98	-0.3	1.18	-8.09	2.72	1.54	-9.81	0.9400000000000001	3.93	-8.700000000000001	-4.98
11:15:03.052158	-0.96	-7.99	-0.38	1.48	-7.88	2.9	0.28	-9.64	1.36	4.7700000000000005	-8.73	-5.59
11:15:03.062230	-1.32	-8.14	-0.56	1.67	-8.01	2.85	-0.02	-9.49	1.24	3.4	-8.88	-6.0200000000000005
11:15:03.072308	-1.47	-8.21	-0.63	1.69	-7.8500000000000005	2.98	-0.1	-9.42	1.36	-0.34	-9.1	-3.18
11:15:03.082381	-1.48	-8.26	-0.66	1.8	-7.87	3.08	0.22	-9.450000000000001	1.26	-0.99	-9.28	-3.38
11:15:03.092467	-1.49	-8.32	-0.64	1.26	-8.2	3.42	0.81	-9.700000000000001	0.8300000000000001	-1.05	-9.700000000000001	-3.37
11:15:03.102555	-1.59	-8.31	-0.55	1.22	-8.23	3.44	0.75	-9.72	0.66	0.03	-9.43	-3.67
11:15:03.112644	-1.62	-8.28	-0.43	1.85	-8.47	3.1	0.6900000000000001	-9.78	0.54	2.65	-8.92	-4.5600000000000005
11:15:03.122761	-1.62	-8.28	-0.43	1.85	-8.47	3.1	0.11	-9.790000000000001	0.59	2.65	-8.92	-4.5600000000000005
11:15:03.133240	-1.6300000000000001	-8.28	-0.31	1.6300000000000001	-8.8	2.65	-0.11	-9.64	0.53	2.81	-9.16	-5.07
11:15:03.143338	-1.69	-8.36	-0.03	1.11	-8.86	2.5100000000000002	-0.05	-9.58	0.46	0.97	-9.41	-4.18
11:15:03.154058	-1.69	-8.38	0.12	1.06	-9.07	2.43	-0.07	-9.59	0.48	1.22	-9.6	-4.61
11:15:03.164160	-1.69	-8.35	-0.01	0.73	-8.870000000000001	2.3000000000000003	-0.21	-9.65	0.46	1.6	-9.66	-4.76
11:15:03.174772	-1.58	-8.4	-0.1	0.6	-8.78	2.16	-0.39	-9.88	0.29	-6.43	-11.25	-7.97
11:15:03.184846	-1.32	-8.77	-0.27	0.54	-8.5	3.22	0.47000000000000003	-9.44	1.3900000000000001	1.24	-10.0	-1.28
11:15:03.194996	-1.21	-9.23	-0.39	0.6900000000000001	-8.18	3.63	1.11	-10.02	0.17	-2.22	-9.86	-4.54
11:15:03.205068	-1.2	-9.66	-0.35000000000000003	0.36	-7.86	4.3	-0.18	-9.67	0.8300000000000001	1.02	-9.620000000000001	-4.5
11:15:03.215159	-1.33	-10.27	-0.29	0.31	-8.25	3.59	0.22	-9.39	0.73	4.8	-9.44	-5.95
11:15:03.225228	-1.35	-10.49	-0.21	0.64	-9.120000000000001	3.31	0.02	-9.81	-0.38	7.03	-8.8	-6.12
11:15:03.235330	-1.45	-10.61	-0.09	0.6900000000000001	-9.49	3.43	-0.45	-10.08	-0.06	6.48	-9.450000000000001	-6.12
11:15:03.245798	-1.69	-10.69	0.0	0.85	-9.71	3.5	-0.8300000000000001	-10.17	0.01	6.48	-9.450000000000001	-6.12
11:15:03.255866	-2.23	-10.78	0.19	1.18	-10.25	3.35	-0.97	-10.53	-0.13	6.48	-9.450000000000001	-6.12
11:15:03.265957	-2.64	-10.91	0.23	1.27	-10.31	3.42	-0.93	-10.82	0.42	5.04	-11.38	-6.1000000000000005
11:15:03.276053	-2.96	-10.93	0.22	1.33	-10.28	3.75	-1.02	-10.91	0.65	4.32	-11.620000000000001	-6.1000000000000005
11:15:03.286659	-3.3000000000000003	-10.85	0.2	1.48	-10.290000000000001	3.5100000000000002	-1.11	-10.96	0.78	3.02	-12.1	-5.98
11:15:03.297099	-3.5700000000000003	-10.55	-0.03	1.76	-9.83	3.46	-1.12	-10.93	0.88	2.7	-12.14	-5.94
11:15:03.307190	-3.62	-10.35	-0.25	2.13	-9.66	3.17	-1.02	-10.72	-0.08	2.65	-12.3	-6.05
11:15:03.317315	-3.5500000000000003	-10.16	-0.36	2.44	-9.34	3.29	-1.12	-10.86	-0.44	2.75	-12.66	-6.08
11:15:03.327432	-3.12	-10.200000000000001	-0.53	2.9	-8.94	3.92	2.45	-12.790000000000001	-2.46	4.59	-13.99	-5.88
11:15:03.337610	-0.98	-11.72	0.01	4.75	-9.58	3.91	0.88	-14.83	-3.15	7.99	-15.32	-6.57
11:15:03.348088	0.33	-13.49	1.57	5.89	-10.4	4.12	-0.89	-14.74	-1.6300000000000001	6.890000000000001	-17.54	-7.98
11:15:03.358193	0.09	-14.85	3.3000000000000003	5.99	-10.86	3.24	-1.86	-14.870000000000001	-1.8800000000000001	2.05	-18.78	-9.84
11:15:03.368358	-3.84	-15.540000000000001	4.9	5.61	-11.83	2.63	-4.5600000000000005	-16.1	-1.04	-0.07	-23.0	-4.47
11:15:03.378508	-6.05	-14.74	4.19	5.05	-12.38	2.79	-3.99	-16.8	-2.4	-1.47	-23.6	-5.83
11:15:03.388639	-6.63	-13.16	2.84	4.37	-11.6	2.16	-2.5	-17.55	-4.75	0.85	-24.07	-2.94
11:15:03.399181	1.54	-9.52	0.04	3.72	-10.68	1.8800000000000001	1.76	-15.870000000000001	-5.99	2.9	-24.67	1.76
11:15:03.409281	3.2	-8.74	-1.03	3.3000000000000003	-9.870000000000001	0.71	3.66	-14.200000000000001	-6.05	4.17	-23.86	-2.0300000000000002
11:15:03.419348	4.43	-8.31	-1.81	1.73	-7.86	0.23	5.87	-12.950000000000001	-4.66	5.68	-24.04	3.0300000000000002
11:15:03.429424	4.54	-8.370000000000001	-2.2800000000000002	0.37	-6.47	2.8000000000000003	6.4	-14.09	-0.02	7.03	-17.31	5.0200000000000005
11:15:03.439602	2.65	-9.41	-2.14	-0.18	-5.82	4.25	3.61	-11.84	8.91	13.08	-4.97	-0.8200000000000001
11:15:03.449743	1.5	-10.03	-1.81	0.07	-6.65	3.11	2.37	-12.040000000000001	8.13	10.76	-6.5	-5.08
11:15:03.460409	0.61	-10.450000000000001	-1.37	1.06	-10.040000000000001	3.54	1.95	-12.0	8.9	8.48	-8.870000000000001	-6.54
11:15:03.470479	-0.04	-10.48	-0.86	1.19	-12.59	3.47	-0.06	-9.25	8.84	0.68	-9.46	-2.44
11:15:03.480590	-0.04	-10.48	-0.86	0.79	-15.06	3.67	-0.73	-7.9	8.18	-12.52	-8.26	31.34
11:15:03.490666	-1.12	-10.19	0.92	0.78	-16.69	3.63	-1.06	-8.52	6.38	-9.97	-3.94	38.75
11:15:03.500785	-1.4000000000000001	-10.06	1.3900000000000001	0.9400000000000001	-15.43	3.45	-2.06	-10.14	5.5	-13.86	-5.84	9.75
11:15:03.510851	-1.56	-9.98	1.7	0.32	-13.85	2.97	-1.1400000000000001	-8.99	6.12	-5.84	-15.6	8.06
11:15:03.521337	-1.56	-9.98	1.7	-0.39	-12.96	2.32	-1.1400000000000001	-8.99	6.12	3.29	-8.64	7.65
11:15:03.531473	-1.2	-9.450000000000001	1.95	-0.47000000000000003	-12.43	1.82	-0.18	-7.96	6.5	3.15	-4.91	5.32
11:15:03.541548	-0.85	-9.11	1.93	-1.33	-10.8	1.1	0.74	-5.33	6.92	7.890000000000001	-5.25	3.0500000000000003
11:15:03.551917	-0.37	-8.71	1.6300000000000001	-1.87	-10.17	1.28	0.65	-5.17	6.73	3.19	-6.32	6.2700000000000005
11:15:03.561989	-0.25	-8.47	1.24	-2.41	-10.52	1.71	0.23	-5.05	7.05	-2.09	-8.21	10.700000000000001
11:15:03.572067	-0.28	-8.26	1.1	-1.69	-9.43	1.82	-0.41000000000000003	-5.11	7.38	-3.27	-9.01	7.28
11:15:03.582195	-0.35000000000000003	-8.17	0.92	-1.32	-8.950000000000001	1.83	-1.59	-5.08	7.640000000000001	-3.04	-7.58	3.11
11:15:03.592262	-0.39	-8.0	0.6900000000000001	-1.05	-8.59	1.43	-1.78	-4.99	7.62	-2.66	-10.14	5.92
11:15:03.602346	-0.38	-8.02	0.5700000000000001	-0.71	-8.22	0.9400000000000001	-1.6400000000000001	-4.79	7.0200000000000005	0.19	-9.27	1.52
11:15:03.612410	-0.49	-8.02	0.48	-0.09	-8.52	0.39	-1.36	-4.92	7.3	1.86	-10.06	1.19
11:15:03.622485	-0.63	-8.05	0.42	0.25	-8.21	0.37	-1.32	-5.12	7.58	2.33	-11.57	0.25
11:15:03.632554	-0.77	-8.23	0.5	0.24	-8.2	0.2	-1.33	-5.32	7.71	1.51	-12.530000000000001	-1.23
11:15:03.642624	-0.75	-8.31	0.59	-0.15	-7.74	0.0	-1.36	-5.72	7.68	0.27	-12.71	-0.88
11:15:03.652730	-0.64	-8.290000000000001	0.68	-1.97	-6.55	1.29	-1.01	-6.55	7.3	0.39	-14.15	-1.5
11:15:03.662798	-0.6	-8.25	0.73	-2.6	-6.0600000000000005	1.87	-0.9400000000000001	-6.78	6.37	1.98	-14.75	-2.64
11:15:03.672965	-0.63	-8.07	0.9	-2.84	-6.09	2.92	-0.89	-6.99	6.63	6.2700000000000005	-16.2	-5.13
11:15:03.683051	-0.66	-7.94	0.96	-2.31	-6.45	1.97	-0.49	-7.58	6.38	6.67	-16.490000000000002	-5.7
11:15:03.693121	-0.74	-7.8100000000000005	1.04	-1.6500000000000001	-6.3	1.58	-0.6900000000000001	-8.16	6.48	6.68	-17.62	-6.82
11:15:03.703204	-0.8	-7.76	1.07	-0.78	-6.17	0.85	-0.86	-8.85	6.51	6.62	-18.34	-8.34
11:15:03.713316	-0.9500000000000001	-7.62	1.1300000000000001	-0.86	-5.91	0.41000000000000003	-0.9500000000000001	-9.08	5.93	6.0600000000000005	-18.06	-9.290000000000001
11:15:03.723956	-1.05	-7.5200000000000005	1.19	1.33	-6.11	0.42	-0.25	-9.02	5.43	5.78	-17.89	-10.06
11:15:03.734052	-1.2	-7.48	1.25	2.62	-6.59	0.03	-0.19	-9.14	4.95	4.97	-17.75	-13.71
11:15:03.744141	-1.6400000000000001	-7.75	1.33	3.86	-7.2700000000000005	-0.63	-0.15	-9.82	5.0	6.32	-17.330000000000002	-15.9
11:15:03.754291	-1.71	-8.14	1.41	5.45	-7.55	-1.23	-1.7	-10.58	4.47	7.36	-17.45	-18.04
11:15:03.764856	-1.68	-8.57	1.46	8.48	-7.82	-0.65	-2.21	-10.620000000000001	4.51	7.42	-16.39	-21.27
11:15:03.774924	-1.6300000000000001	-9.07	1.47	9.69	-8.02	-0.02	-2.21	-10.450000000000001	4.0	7.69	-13.86	-23.01
11:15:03.785001	-1.51	-9.870000000000001	1.44	10.19	-8.39	1.21	-2.04	-10.08	3.15	7.75	-11.36	-26.2
11:15:03.795124	-1.59	-10.35	1.45	10.09	-8.540000000000001	3.54	-0.8300000000000001	-8.35	1.73	7.75	-11.36	-26.2
11:15:03.805427	-1.62	-10.68	1.48	10.09	-8.540000000000001	3.54	-0.8300000000000001	-8.35	1.73	7.75	-11.36	-26.2
11:15:03.815539	-1.94	-10.870000000000001	1.28	8.9	-9.36	5.58	0.16	-5.57	-0.33	6.01	-4.91	-30.830000000000002
11:15:03.825861	-2.14	-11.25	0.96	8.620000000000001	-9.77	2.97	0.11	-5.3100000000000005	-1.56	5.13	-4.59	-31.27
11:15:03.835932	-2.2800000000000002	-11.16	0.88	8.33	-9.94	0.35000000000000003	0.2	-5.39	-1.01	5.53	-4.37	-30.57
11:15:03.846007	-2.43	-10.86	0.85	8.42	-9.53	-1.49	-0.02	-5.64	-0.01	8.19	-4.07	-27.18
11:15:03.856090	-2.59	-10.47	0.9400000000000001	8.22	-8.870000000000001	-0.71	-0.5700000000000001	-6.48	2.23	11.3	-13.370000000000001	-19.89
11:15:03.866161	-2.45	-9.92	1.36	7.37	-8.22	0.79	-0.27	-7.96	2.95	14.52	-12.23	-25.78
11:15:03.876240	-0.75	-10.91	1.67	5.88	-8.28	2.95	0.0	-11.86	0.9500000000000001	8.120000000000001	-13.77	-26.2
11:15:03.886750	0.19	-13.91	0.9400000000000001	5.42	-21.02	2.92	-1.52	-22.75	3.65	24.080000000000002	-27.68	11.870000000000001
11:15:03.896853	-0.53	-16.990000000000002	-0.85	4.8	-20.38	-5.2	-1.52	-22.75	3.65	5.8500000000000005	1.0	-14.17
11:15:03.906996	-0.96	-17.28	-2.91	6.51	-12.93	3.42	-1.9100000000000001	-10.26	6.5	-5.87	4.2	-13.71
11:15:03.917095	-0.63	-14.43	-2.36	2.11	-7.34	7.2	-7.8100000000000005	-4.12	5.97	2.86	-10.3	-4.16
11:15:03.927708	-0.39	-9.93	0.59	-3.46	-11.0	-2.99	-4.69	-4.45	3.94	2.09	-10.51	0.3
11:15:03.937851	-2.02	-10.44	1.04	-6.140000000000001	-11.18	-7.45	0.15	-5.82	7.33	1.8	-4.58	1.76
11:15:03.947962	-2.67	-10.01	1.8	-4.97	-10.48	-7.43	3.13	-8.44	9.55	-2.43	0.23	-9.13
11:15:03.958044	-2.9	-9.700000000000001	2.93	-5.97	-8.09	3.17	2.89	-11.08	6.45	-6.640000000000001	-12.26	7.95
11:15:03.968711	-2.0100000000000002	-10.040000000000001	3.4	-6.37	-8.31	2.77	1.22	-10.16	6.51	-4.5600000000000005	-10.81	6.0600000000000005
11:15:03.978861	-0.9500000000000001	-10.47	2.82	-5.87	-8.790000000000001	2.64	-0.63	-9.94	7.08	-1.73	-7.0600000000000005	-3.65
11:15:03.989028	-0.08	-10.8	2.13	-3.0	-8.78	5.07	-3.7	-9.700000000000001	5.1000000000000005	0.78	-8.290000000000001	-7.38
11:15:03.999713	0.65	-10.870000000000001	1.4000000000000001	2.63	-9.77	7.41	-3.38	-9.53	4.64	3.0	-11.27	-6.8100000000000005
11:15:04.009798	0.87	-10.26	0.0	3.62	-10.35	5.7	-1.6	-10.370000000000001	3.44	5.74	-9.33	-4.16
11:15:04.019872	0.55	-9.93	-0.52	4.7	-10.25	3.24	0.9400000000000001	-10.84	2.23	6.33	-6.6000000000000005	-3.44
11:15:04.029943	0.37	-9.540000000000001	-0.96	5.2	-10.23	1.81	3.46	-9.76	2.14	3.74	-6.5200000000000005	-3.88
11:15:04.040010	0.24	-9.35	-1.2	3.85	-8.58	1.6	2.42	-9.450000000000001	3.0300000000000002	0.92	-11.58	-5.29
11:15:04.050084	0.28	-9.08	-1.29	2.69	-7.7700000000000005	1.96	1.07	-9.6	3.31	0.81	-7.53	-4.7
11:15:04.060165	0.18	-9.13	-1.1500000000000001	1.48	-7.68	2.31	0.36	-9.42	3.44	1.5	-5.79	1.12
11:15:04.070283	-0.1	-9.23	-0.93	0.35000000000000003	-8.01	2.64	0.17	-9.6	3.42	1.6300000000000001	-8.2	-5.39
11:15:04.080362	-0.54	-9.34	-0.62	-1.44	-9.19	3.39	-0.9400000000000001	-10.23	3.2800000000000002	2.91	-10.48	-6.3100000000000005
11:15:04.090433	-1.21	-9.18	-0.13	-1.47	-9.57	3.72	-1.77	-10.61	3.09	2.85	-11.41	-6.0600000000000005
11:15:04.100885	-1.23	-8.99	0.01	-1.29	-9.450000000000001	3.61	-0.64	-9.74	2.48	2.85	-11.41	-6.0600000000000005
11:15:04.111301	-1.1500000000000001	-8.75	0.04	-1.3900000000000001	-9.18	3.5	0.33	-9.38	2.0100000000000002	-0.75	-8.92	-2.6
11:15:04.121397	-0.8	-8.42	-0.02	-0.46	-9.16	2.74	0.96	-9.53	1.79	-1.54	-9.32	-0.18
11:15:04.131475	-0.65	-8.370000000000001	-0.11	0.22	-9.05	2.52	0.75	-9.88	1.72	-1.76	-8.19	-2.41
11:15:04.141547	-0.53	-8.35	-0.2	0.52	-9.200000000000001	2.46	0.24	-9.96	1.62	1.1300000000000001	-8.18	-3.0300000000000002
11:15:04.151620	-0.48	-8.36	-0.36	0.63	-9.18	2.44	0.19	-9.88	1.94	5.67	-9.290000000000001	-6.59
11:15:04.161702	-0.64	-8.44	-0.6	1.06	-8.89	2.75	0.2	-9.82	2.38	5.39	-8.94	-6.91
11:15:04.171768	-0.64	-8.44	-0.6	1.45	-8.48	2.89	-0.17	-9.620000000000001	2.34	3.2800000000000002	-8.59	-4.63
11:15:04.181842	-0.74	-8.36	-0.7000000000000001	1.22	-8.290000000000001	3.09	-0.35000000000000003	-9.64	2.36	0.89	-8.57	-3.0100000000000002
11:15:04.191916	-0.85	-8.290000000000001	-0.79	1.1300000000000001	-8.19	3.11	-0.23	-9.620000000000001	2.2800000000000002	-1.28	-9.5	-3.66
11:15:04.202039	-0.87	-8.25	-0.8200000000000001	0.91	-8.5	2.84	0.22	-10.08	1.61	-1.28	-9.5	-3.66
11:15:04.212122	-1.02	-8.370000000000001	-0.87	0.86	-8.75	2.61	0.2	-10.08	1.45	0.32	-9.120000000000001	-3.83
11:15:04.222187	-1.1	-8.46	-0.85	0.91	-8.98	2.68	0.15	-10.01	1.27	3.36	-9.120000000000001	-4.97
11:15:04.232260	-1.1400000000000001	-8.57	-0.8200000000000001	1.03	-9.01	2.7600000000000002	-0.01	-9.97	1.27	4.15	-8.89	-5.55
11:15:04.242330	-1.17	-8.65	-0.76	0.9	-9.01	2.86	0.49	-9.92	1.74	3.81	-9.57	-5.09
11:15:04.252402	-1.18	-8.69	-0.59	0.9500000000000001	-9.05	2.73	1.3900000000000001	-10.05	1.32	-2.9	-10.78	-5.83
11:15:04.262485	-1.16	-8.66	-0.55	0.72	-9.05	2.74	0.87	-10.23	1.53	-2.2600000000000002	-10.55	-4.3500000000000005
11:15:04.272568	-1.11	-8.53	-0.51	0.35000000000000003	-8.63	3.42	0.11	-10.13	1.47	-2.83	-10.8	-3.98
11:15:04.282640	-1.08	-8.34	-0.46	0.14	-8.72	3.2600000000000002	0.0	-10.15	1.1400000000000001	-0.52	-9.950000000000001	-4.22
11:15:04.292728	-0.99	-7.9	-0.42	-0.05	-9.02	2.77	-0.11	-10.21	1.01	1.36	-9.33	-4.72
11:15:04.302840	-1.2	-8.01	-0.58	0.22	-9.200000000000001	2.8000000000000003	-0.4	-10.43	0.5700000000000001	1.36	-9.33	-4.72
11:15:04.312958	-1.25	-8.19	-0.54	2.1	-9.69	2.38	-1.2	-10.370000000000001	-0.28	7.5200000000000005	-8.43	-6.16
11:15:04.323026	-1.3900000000000001	-8.59	-0.59	2.5100000000000002	-9.58	2.23	-1.29	-10.27	-0.6900000000000001	6.5	-9.22	-4.91
11:15:04.333191	-1.57	-9.56	-0.52	2.63	-9.48	2.2600000000000002	-1.26	-10.28	-1.21	6.79	-9.33	-5.5
11:15:04.343316	-1.57	-10.17	-0.43	2.37	-9.290000000000001	2.06	-0.9400000000000001	-10.21	-1.8800000000000001	6.91	-9.68	-5.99
11:15:04.353420	-1.7	-10.74	-0.28	2.33	-9.21	2.25	-0.6900000000000001	-10.06	-2.02	6.05	-9.85	-5.64
11:15:04.363546	-2.06	-11.14	0.23	2.5100000000000002	-8.98	2.57	-0.46	-9.9	-2.11	4.3500000000000005	-10.44	-5.63
11:15:04.373614	-2.21	-11.08	0.52	2.66	-8.89	3.14	-0.38	-9.84	-1.94	3.89	-10.790000000000001	-5.78
11:15:04.384053	-2.44	-10.97	0.78	2.5500000000000003	-8.86	3.61	-0.2	-10.11	-1.69	3.46	-11.16	-6.0
11:15:04.394231	-2.63	-10.75	0.89	2.38	-8.97	3.63	-0.18	-10.3	-1.49	3.46	-11.16	-6.0
11:15:04.404356	-3.02	-10.22	0.78	2.38	-8.97	3.63	-0.18	-10.38	-1.36	3.46	-11.16	-6.0
11:15:04.414482	-3.02	-10.22	0.78	2.24	-9.02	3.59	-0.76	-10.43	-1.2	1.99	-12.52	-5.25
11:15:04.424608	-3.25	-9.73	0.26	2.2800000000000002	-8.93	3.8200000000000003	-0.8300000000000001	-10.56	-1.35	1.22	-13.11	-6.7
11:15:04.434682	-3.08	-9.61	-0.15	3.61	-8.5	4.03	-0.32	-11.200000000000001	-1.2	1.67	-14.22	-6.07
11:15:04.445006	-1.32	-10.93	-0.66	4.43	-9.1	3.71	2.25	-12.3	-1.69	6.2700000000000005	-16.64	-7.58
11:15:04.455115	0.24	-12.23	0.59	5.57	-10.15	4.5	-0.2	-14.99	-1.27	3.15	-19.21	-7.8
11:15:04.465249	0.48	-13.96	2.0	5.45	-11.84	1.99	-1.46	-15.21	-1.82	0.35000000000000003	-20.59	-8.19
11:15:04.475383	-1.2	-15.39	3.4	5.38	-12.88	1.85	-2.83	-16.04	-1.77	-0.27	-24.580000000000002	-1.81
11:15:04.485830	-6.140000000000001	-15.24	3.52	5.08	-12.88	1.8900000000000001	-4.57	-17.240000000000002	-3.0300000000000002	-2.52	-27.25	-1.6300000000000001
11:15:04.495903	-7.47	-13.59	1.86	4.46	-11.82	1.6500000000000001	-0.68	-17.52	-6.0200000000000005	-2.52	-27.25	-1.6300000000000001
11:15:04.506054	-4.36	-11.76	0.78	3.18	-9.07	0.61	-0.68	-17.52	-6.0200000000000005	-0.28	-25.73	-0.78
11:15:04.516193	2.84	-9.35	-0.62	2.42	-7.82	-0.29	6.43	-13.42	-5.25	3.3000000000000003	-22.03	5.9
11:15:04.526309	3.79	-8.57	-1.41	1.3800000000000001	-6.63	0.11	9.49	-12.31	2.5	5.57	-11.81	1.85
11:15:04.536904	3.73	-8.05	-1.95	0.25	-5.68	1.87	6.69	-12.22	8.19	10.69	-2.96	-3.97
11:15:04.546974	2.32	-10.31	-1.49	-0.27	-6.94	3.04	0.96	-13.52	9.69	13.71	-7.03	-7.92
11:15:04.557067	1.51	-11.040000000000001	-1.21	0.23	-8.4	3.58	0.8	-13.59	8.05	8.61	-15.16	-14.540000000000001
11:15:04.567206	0.74	-11.58	-0.86	0.62	-10.47	4.8500000000000005	0.6	-12.02	8.2	4.93	-10.39	-6.96
11:15:04.577277	0.16	-11.68	-0.51	0.01	-16.91	4.61	-0.28	-9.26	10.68	-0.43	-4.49	1.35
11:15:04.587379	-0.49	-11.19	0.46	0.27	-18.95	4.1	-1.01	-7.08	8.17	-2.35	0.45	37.43
11:15:04.597879	-0.49	-11.19	0.46	0.4	-18.41	4.0	-1.01	-7.08	8.17	-2.35	0.45	37.43
11:15:04.608005	-0.72	-10.81	0.9	0.4	-18.41	4.0	-1.96	-8.290000000000001	6.71	-2.35	0.45	37.43
11:15:04.618432	-1.07	-10.450000000000001	1.27	-0.21	-16.44	3.5700000000000003	-2.58	-9.57	5.58	-10.64	-7.26	10.8
11:15:04.628544	-1.43	-10.07	1.53	-0.8200000000000001	-12.68	1.44	-0.9400000000000001	-7.55	6.61	-4.18	-17.81	7.47
11:15:04.638618	-1.47	-9.36	1.73	-0.8300000000000001	-11.48	1.01	-0.1	-5.89	7.0600000000000005	-4.18	-17.81	7.47
11:15:04.649031	-0.9	-9.040000000000001	1.6300000000000001	-1.27	-10.21	0.66	0.03	-4.46	7.28	-4.18	-17.81	7.47
11:15:04.659104	-0.74	-8.97	1.53	-2.0300000000000002	-9.81	0.74	-0.38	-3.74	6.8	-4.18	-17.81	7.47
11:15:04.669557	-0.74	-8.97	1.53	-1.76	-9.3	0.99	-0.79	-4.05	7.01	4.7700000000000005	-8.620000000000001	8.48
11:15:04.679622	-0.68	-8.53	1.04	-1.5	-9.39	1.43	-0.92	-4.07	7.33	-1.21	-8.0	13.17
11:15:04.689691	-0.72	-8.36	0.93	-0.73	-8.93	1.29	-1.8	-4.11	7.640000000000001	-6.04	-8.120000000000001	6.07
11:15:04.700114	-0.8	-8.07	0.84	-0.06	-8.41	0.71	-2.22	-4.12	7.45	-6.04	-8.120000000000001	6.07
11:15:04.710236	-0.8300000000000001	-7.95	0.85	-0.03	-8.48	0.15	-2.4	-4.15	7.45	-2.99	-12.73	5.84
11:15:04.720405	-0.9	-7.84	0.88	-0.06	-7.890000000000001	-0.07	-2.35	-4.43	7.5600000000000005	0.31	-11.63	1.58
11:15:04.731007	-0.9500000000000001	-7.82	0.96	0.0	-7.76	-0.19	-2.64	-5.25	7.84	2.71	-12.19	0.11
11:15:04.741084	-0.9500000000000001	-7.84	1.1400000000000001	-0.52	-7.61	0.0	-2.64	-5.49	7.97	4.5600000000000005	-13.15	-1.85
11:15:04.751187	-0.9400000000000001	-7.8500000000000005	1.18	-0.85	-7.16	0.49	-2.41	-5.95	7.97	5.24	-14.200000000000001	-3.09
11:15:04.761264	-0.85	-7.91	1.16	-1.43	-7.0200000000000005	0.81	-1.36	-6.53	7.04	5.13	-15.49	-3.23
11:15:04.771365	-0.79	-8.01	1.1500000000000001	-1.84	-6.7700000000000005	0.91	-1.0	-6.73	7.16	5.23	-15.870000000000001	-2.62
11:15:04.781436	-0.8200000000000001	-7.92	1.04	-3.0	-5.39	2.5500000000000003	-0.62	-7.21	7.09	5.82	-17.94	-3.95
11:15:04.791527	-0.81	-7.79	1.05	-2.98	-5.5200000000000005	1.93	-0.44	-7.91	7.12	6.19	-18.490000000000002	-4.63
11:15:04.801637	-0.85	-7.69	1.06	-2.63	-5.74	1.76	-1.12	-9.77	5.4	6.19	-18.490000000000002	-4.63
11:15:04.811707	-0.87	-7.62	1.1400000000000001	-2.24	-5.48	2.05	-0.96	-10.040000000000001	4.92	7.2	-21.490000000000002	-7.95
11:15:04.821790	-1.12	-7.29	1.26	-1.71	-5.58	1.44	-0.11	-10.21	4.8100000000000005	7.38	-21.3	-11.9
11:15:04.831858	-1.16	-7.18	1.32	-0.46	-5.93	0.55	0.39	-10.39	3.54	8.11	-19.97	-12.68
11:15:04.841928	-1.27	-7.18	1.29	0.92	-6.57	-0.02	0.14	-11.23	3.22	8.23	-19.01	-14.51
11:15:04.851996	-1.44	-7.29	1.29	2.5500000000000003	-7.4	-0.56	-0.7000000000000001	-10.68	3.35	8.43	-18.27	-19.48
11:15:04.862083	-1.45	-8.02	1.22	7.18	-8.22	-2.2	-1.23	-10.540000000000001	3.45	8.43	-18.27	-19.48
11:15:04.872164	-1.31	-8.59	1.17	9.43	-8.15	-1.86	-1.69	-9.69	3.1	7.17	-16.4	-21.89
11:15:04.882234	-1.21	-9.31	1.16	11.11	-8.0	-0.25	-2.11	-9.01	2.84	6.0200000000000005	-14.72	-22.38
11:15:04.892309	-1.41	-10.26	1.1300000000000001	13.030000000000001	-8.64	3.87	-1.78	-7.83	2.54	3.59	-11.48	-25.71
11:15:04.902834	-1.44	-10.9	1.22	12.6	-8.540000000000001	6.84	-0.35000000000000003	-5.94	-1.67	3.59	-11.48	-25.71
11:15:04.912936	-1.6500000000000001	-11.27	1.25	10.34	-9.25	6.640000000000001	0.63	-6.07	-2.39	5.04	-8.27	-28.5
11:15:04.923277	-2.05	-11.49	1.2	10.34	-9.25	6.640000000000001	1.46	-6.03	-2.61	5.51	-6.95	-31.23
11:15:04.933371	-2.63	-11.52	1.35	8.120000000000001	-9.96	-1.12	1.42	-5.64	-1.92	6.78	-5.98	-30.05
11:15:04.943474	-2.9	-11.19	1.59	7.98	-9.91	-2.5500000000000003	-0.06	-6.12	0.09	6.54	-6.03	-26.89
11:15:04.953587	-3.0500000000000003	-10.81	1.79	7.82	-9.48	-2.7600000000000002	-0.51	-6.59	1.6	6.57	-6.0600000000000005	-23.86
11:15:04.963708	-3.27	-10.44	2.0	5.97	-7.96	1.03	-0.64	-7.09	3.18	6.42	-7.44	-17.61
11:15:04.974411	-3.9	-9.86	2.41	4.33	-6.78	3.91	-0.45	-8.290000000000001	5.86	7.9	-11.24	-13.11
11:15:04.985002	-4.15	-9.66	2.6	2.72	-5.82	5.08	-0.24	-9.82	6.13	14.9	-12.49	-10.53
11:15:04.995216	-3.94	-9.61	2.81	1.44	-5.5600000000000005	5.71	-0.32	-14.76	2.64	16.8	-35.95	31.580000000000002
11:15:05.005374	-2.2600000000000002	-10.56	3.09	1.47	-21.73	-0.77	0.24	-16.27	4.61	34.18	-35.46	34.46
11:15:05.015526	-1.37	-16.28	0.67	2.4	-21.14	-4.59	3.18	-10.290000000000001	4.93	-4.86	-2.06	-16.86
11:15:05.026030	-1.32	-17.46	-0.8	5.68	-12.57	8.27	3.18	-10.290000000000001	4.93	-4.86	-2.06	-16.86
11:15:05.036168	-0.87	-17.29	-1.74	5.68	-12.57	8.27	-2.74	-9.13	8.57	-4.86	-2.06	-16.86
11:15:05.046274	-0.21	-15.3	-1.8900000000000001	1.81	-9.52	3.7800000000000002	-10.34	-8.97	4.48	7.36	-12.5	14.65
11:15:05.056367	0.55	-10.58	-0.89	-0.91	-10.540000000000001	2.11	-3.14	-5.07	5.7700000000000005	11.15	0.52	8.76
11:15:05.066921	0.37	-9.78	-0.54	-1.96	-10.84	-6.17	1.58	-8.85	6.19	-9.5	3.36	-14.98
11:15:05.076998	-0.43	-9.790000000000001	-0.19	-4.2700000000000005	-11.18	-8.85	5.7700000000000005	-11.07	6.74	0.64	-13.38	2.96
11:15:05.087064	-1.49	-9.68	0.65	-8.14	-7.84	7.91	4.58	-9.89	5.16	-5.04	-9.89	-0.01
11:15:05.097476	-1.44	-9.21	1.25	-7.33	-8.49	7.0600000000000005	1.99	-10.05	5.84	-3.95	-8.41	-2.2
11:15:05.107549	0.0	-9.450000000000001	1.94	-4.48	-8.84	4.2	-0.85	-9.870000000000001	5.14	2.5300000000000002	-10.09	-6.07
11:15:05.117679	0.73	-10.16	1.7	1.06	-7.5	8.66	-1.26	-9.32	4.63	1.37	-11.0	-6.68
11:15:05.127798	0.6900000000000001	-10.3	1.33	3.9	-10.21	6.07	-0.79	-9.33	3.8000000000000003	2.34	-9.4	-5.98
11:15:05.137866	0.48	-10.4	0.88	4.65	-10.07	3.69	0.28	-9.93	2.7800000000000002	1.47	-8.28	-2.67
11:15:05.147954	0.21	-10.32	0.46	5.0600000000000005	-9.65	1.5	2.57	-10.28	1.21	1.6400000000000001	-9.21	-2.35
11:15:05.158044	-0.15	-9.700000000000001	-0.53	4.3100000000000005	-8.81	0.9400000000000001	2.5300000000000002	-10.16	1.16	0.56	-10.63	-4.2700000000000005
11:15:05.168544	-0.16	-9.38	-0.79	2.4	-7.45	2.27	1.72	-10.040000000000001	1.93	1.42	-9.36	-3.8000000000000003
11:15:05.179117	-0.17	-9.1	-0.9500000000000001	1.7	-7.88	2.27	0.43	-9.31	2.86	1.4000000000000001	-7.29	-2.22
11:15:05.189259	-0.26	-8.96	-1.03	0.46	-8.15	2.91	0.7000000000000001	-9.42	2.69	1.97	-8.64	-3.79
11:15:05.199334	-0.91	-8.85	-0.97	-0.45	-8.36	3.77	0.86	-9.67	2.43	1.07	-9.78	-5.88
11:15:05.209403	-1.28	-8.84	-0.72	-1.58	-9.3	3.75	0.35000000000000003	-9.950000000000001	2.37	1.22	-9.71	-5.11
11:15:05.219478	-1.53	-8.74	-0.48	-1.46	-9.3	3.5700000000000003	-0.5700000000000001	-9.950000000000001	1.9100000000000001	1.41	-9.06	-3.45
11:15:05.229565	-1.51	-8.65	-0.15	-0.99	-9.200000000000001	3.4	-0.73	-9.73	1.67	0.32	-8.98	-3.62
11:15:05.239637	-1.32	-8.35	0.2	0.5	-9.3	2.6	-1.1	-9.61	1.6	0.31	-9.34	-3.47
11:15:05.249713	-1.1300000000000001	-8.23	0.33	1.06	-9.27	1.9000000000000001	-1.8	-9.870000000000001	1.7	0.67	-9.14	-3.52
11:15:05.259843	-1.05	-8.16	0.27	1.25	-9.22	1.58	-1.76	-9.89	1.8	2.17	-8.53	-2.89
11:15:05.270043	-0.92	-8.21	0.12	1.47	-8.99	1.74	-1.24	-9.88	1.6400000000000001	3.18	-8.03	-4.28
11:15:05.280619	-0.98	-8.21	-0.05	1.62	-8.53	1.94	-0.43	-9.8	1.48	4.04	-8.370000000000001	-5.25
11:15:05.290723	-1.01	-8.26	-0.2	1.57	-8.4	2.23	0.26	-9.77	1.22	4.01	-8.77	-5.46
11:15:05.300956	-1.01	-8.26	-0.2	1.47	-8.26	2.44	0.19	-9.67	1.08	1.85	-9.27	-4.43
11:15:05.311080	-1.1	-8.31	-0.35000000000000003	1.01	-8.17	2.7	0.19	-9.67	1.08	0.52	-9.14	-3.85
11:15:05.321706	-1.21	-8.290000000000001	-0.63	0.61	-8.16	3.36	0.8	-9.58	1.08	-0.42	-9.370000000000001	-3.12
11:15:05.332152	-1.1300000000000001	-8.27	-0.84	0.58	-8.27	3.44	0.74	-9.73	1.09	-0.59	-9.39	-2.9
11:15:05.342216	-1.12	-8.3	-0.93	0.67	-8.370000000000001	3.6	0.46	-9.81	1.19	0.92	-9.23	-4.05
11:15:05.352286	-1.16	-8.290000000000001	-0.97	1.25	-8.5	3.56	0.1	-9.75	1.32	1.96	-9.1	-4.66
11:15:05.362354	-1.2	-8.19	-0.92	1.28	-8.950000000000001	3.0700000000000003	-0.31	-9.9	1.16	2.88	-8.81	-4.94
11:15:05.372427	-1.19	-8.1	-0.8	1.69	-9.05	2.88	-0.28	-9.92	1.22	2.92	-8.99	-4.9
11:15:05.382509	-1.1400000000000001	-7.95	-0.68	1.78	-9.06	2.49	-0.25	-10.02	1.3900000000000001	2.15	-9.86	-4.47
11:15:05.392595	-1.1500000000000001	-7.8	-0.41000000000000003	1.41	-9.15	2.2600000000000002	0.27	-10.08	1.3800000000000001	1.22	-9.950000000000001	-4.93
11:15:05.402672	-1.05	-7.8500000000000005	-0.16	0.89	-9.33	2.19	1.3800000000000001	-10.14	1.27	0.31	-11.67	-5.19
11:15:05.412738	-1.06	-8.14	-0.05	0.42	-8.67	2.95	1.78	-10.21	0.47000000000000003	-1.51	-10.58	-2.66
11:15:05.422847	-1.22	-8.51	0.03	0.42	-8.67	2.95	1.19	-9.93	0.45	-0.46	-9.94	-3.5300000000000002
11:15:05.432933	-1.6500000000000001	-9.450000000000001	0.07	0.63	-8.11	3.69	0.1	-9.77	-0.41000000000000003	1.47	-9.53	-4.5600000000000005
11:15:05.443002	-1.79	-9.99	0.09	0.87	-8.120000000000001	3.38	-0.33	-9.91	-0.88	6.96	-8.88	-5.67
11:15:05.453071	-1.8900000000000001	-10.53	0.1	1.33	-8.78	2.94	-0.8200000000000001	-9.82	-0.9	8.790000000000001	-8.67	-6.23
11:15:05.463184	-2.07	-11.27	0.14	1.53	-9.23	2.77	-1.86	-10.01	-1.26	9.96	-8.85	-6.23
11:15:05.473304	-2.24	-11.41	0.17	1.96	-9.950000000000001	3.22	-1.83	-10.26	-1.25	9.450000000000001	-9.31	-5.84
11:15:05.483469	-2.54	-11.49	0.12	2.15	-10.15	3.65	-1.33	-10.48	-1.1500000000000001	6.3	-10.94	-5.6000000000000005
11:15:05.493959	-2.92	-11.450000000000001	0.13	2.16	-10.17	3.83	-0.97	-10.77	-0.81	5.23	-11.38	-5.61
11:15:05.504227	-3.7	-11.07	0.0	2.16	-10.17	3.83	-0.49	-10.89	-0.6	5.23	-11.38	-5.61
11:15:05.514356	-4.04	-10.66	-0.1	2.5300000000000002	-9.63	3.81	-0.27	-10.84	-0.32	2.75	-12.63	-6.18
11:15:05.524477	-4.15	-10.42	-0.14	2.7800000000000002	-9.8	3.59	-0.32	-10.92	-0.07	1.87	-13.120000000000001	-6.17
11:15:05.535033	-4.17	-10.200000000000001	-0.25	2.75	-9.74	3.1	-0.59	-11.22	-0.07	0.96	-13.74	-6.49
11:15:05.545152	-3.7	-9.89	-0.48	3.22	-9.52	3.43	-0.66	-11.38	-0.04	0.86	-13.97	-5.73
11:15:05.555301	-2.89	-10.15	-0.61	3.91	-9.02	4.01	-0.64	-11.85	0.04	3.3200000000000003	-15.39	-6.12
11:15:05.565411	-2.09	-10.870000000000001	-0.67	4.78	-9.3	4.15	0.98	-12.56	-0.17	6.05	-15.860000000000001	-6.05
11:15:05.575548	-0.79	-12.09	0.4	5.44	-10.040000000000001	4.87	-0.96	-14.530000000000001	-0.78	4.63	-17.66	-8.76
11:15:05.586041	-0.27	-14.620000000000001	3.56	5.17	-11.19	2.7	-2.2	-14.27	-1.52	1.9000000000000001	-18.45	-8.16
11:15:05.596818	-2.11	-14.74	4.43	4.79	-11.83	1.92	-3.06	-14.71	-2.0	1.9000000000000001	-18.45	-8.16
11:15:05.606895	-4.3	-14.18	4.39	4.79	-11.83	1.92	-3.06	-14.71	-2.0	1.9000000000000001	-18.45	-8.16
11:15:05.616995	-6.3100000000000005	-13.06	3.15	4.49	-12.0	1.42	-4.03	-16.29	-3.7600000000000002	-1.57	-25.44	-1.96
11:15:05.627111	-3.47	-10.73	0.88	3.24	-9.44	0.12	-2.73	-17.68	-4.92	-0.11	-27.84	0.7000000000000001
11:15:05.637426	-0.27	-9.78	0.1	2.69	-8.1	0.23	0.55	-16.46	-7.67	3.0700000000000003	-25.64	3.12
11:15:05.647596	2.4	-8.950000000000001	-0.71	1.51	-6.8100000000000005	0.81	3.86	-13.9	-5.22	2.77	-20.61	8.43
11:15:05.658160	4.79	-8.59	-2.19	0.43	-5.64	2.21	8.18	-12.59	-1.1500000000000001	7.51	-11.950000000000001	8.61
11:15:05.668334	3.7600000000000002	-9.51	-2.41	-0.23	-6.0200000000000005	2.46	6.5200000000000005	-13.02	3.3200000000000003	10.78	-3.5100000000000002	-7.390000000000001
11:15:05.678461	2.62	-10.32	-2.09	-0.08	-7.42	1.67	3.25	-11.82	9.700000000000001	11.120000000000001	-7.25	-16.0
11:15:05.688569	0.42	-11.07	-1.3900000000000001	0.46	-9.1	3.27	1.97	-12.52	10.18	11.78	-11.33	-9.71
11:15:05.698697	-0.08	-11.11	-1.0	0.7000000000000001	-11.69	4.14	1.37	-12.15	9.94	2.32	-7.53	-4.64
11:15:05.709112	-0.08	-11.11	-1.0	0.4	-18.02	3.96	-0.42	-8.700000000000001	9.32	2.32	-7.53	-4.64
11:15:05.719184	-0.36	-11.08	-0.5	0.62	-19.18	3.99	-0.42	-8.700000000000001	9.32	2.32	-7.53	-4.64
11:15:05.729297	-0.6900000000000001	-10.92	0.13	0.45	-18.04	3.88	-2.5500000000000003	-9.42	6.93	-14.52	-6.2	12.88
11:15:05.739417	-2.09	-10.11	1.53	0.18	-15.73	3.19	-3.34	-10.35	6.0600000000000005	-8.93	-14.25	-0.46
11:15:05.749485	-2.24	-9.71	1.82	-1.08	-13.450000000000001	1.74	-1.9000000000000001	-7.74	7.33	5.0600000000000005	-9.120000000000001	11.02
11:15:05.759561	-2.05	-9.36	2.02	-1.0	-12.35	1.24	-1.09	-5.87	7.65	2.82	-1.87	7.45
11:15:05.769676	-1.4000000000000001	-8.84	2.04	-0.64	-11.11	0.89	-0.89	-4.69	8.0	9.25	1.5	4.5
11:15:05.779809	-1.28	-8.71	1.85	-1.0	-10.13	0.64	-0.9400000000000001	-4.14	8.01	2.96	-9.26	0.5700000000000001
11:15:05.789895	-1.27	-8.59	1.61	-2.0	-9.41	1.3800000000000001	-0.85	-3.41	6.78	3.29	-9.540000000000001	7.12
11:15:05.800359	-1.27	-8.59	1.61	-1.22	-8.86	1.52	-0.74	-3.64	6.93	-0.08	-6.47	14.41
11:15:05.810538	-1.23	-8.53	1.4000000000000001	-0.8200000000000001	-9.06	1.75	-0.36	-3.59	7.12	-5.26	-6.29	8.06
11:15:05.820607	-1.16	-8.31	0.84	-0.36	-8.81	1.44	-0.61	-3.5300000000000002	7.91	-4.04	-10.49	9.56
11:15:05.830708	-1.24	-8.26	0.78	0.35000000000000003	-8.4	0.24	-1.02	-3.33	7.890000000000001	-1.82	-10.09	6.58
11:15:05.840794	-1.3800000000000001	-8.15	0.77	0.32	-8.55	-0.23	-1.34	-3.24	7.5600000000000005	1.74	-8.870000000000001	2.96
11:15:05.850868	-1.42	-8.11	0.8	0.18	-8.02	-0.18	-1.6500000000000001	-3.61	7.32	3.2	-10.97	2.64
11:15:05.860935	-1.4000000000000001	-8.06	0.88	-0.28	-6.98	0.49	-2.36	-4.34	8.120000000000001	4.24	-13.55	-1.84
11:15:05.871003	-1.35	-7.96	0.97	-0.65	-6.67	0.75	-2.85	-4.7	8.19	3.17	-14.040000000000001	-0.98
11:15:05.881076	-1.24	-7.79	1.1300000000000001	-1.2	-6.69	0.9500000000000001	-3.16	-5.03	8.040000000000001	1.75	-14.84	-0.49
11:15:05.891154	-1.16	-7.74	1.16	-1.67	-6.46	1.31	-3.21	-6.43	7.74	2.42	-15.9	-2.27
11:15:05.901228	-1.09	-7.72	1.16	-2.39	-5.92	1.52	-2.98	-6.9	6.890000000000001	5.57	-17.78	-5.29
11:15:05.911303	-1.16	-7.68	1.11	-2.99	-5.48	2.68	-2.63	-7.09	6.7	7.12	-17.12	-5.14
11:15:05.921433	-1.31	-7.46	1.0	-2.85	-5.45	2.15	-1.8800000000000001	-8.5	6.24	8.870000000000001	-18.35	-5.29
11:15:05.931515	-1.41	-7.36	0.99	-2.41	-5.79	1.12	-1.7	-9.65	6.21	9.74	-21.26	-10.27
11:15:05.941919	-1.3900000000000001	-7.28	0.93	-1.93	-6.03	0.8300000000000001	-1.59	-10.51	5.39	9.6	-21.77	-12.5
11:15:05.951991	-1.36	-7.28	0.92	-1.18	-6.28	0.87	0.1	-10.21	4.01	9.16	-19.86	-13.73
11:15:05.962062	-1.37	-7.390000000000001	0.85	0.16	-6.890000000000001	0.04	1.79	-10.46	3.08	9.11	-18.14	-12.790000000000001
11:15:05.972130	-1.44	-7.640000000000001	0.8	1.61	-7.890000000000001	-0.55	1.37	-11.03	2.43	9.63	-16.84	-15.82
11:15:05.982231	-1.45	-8.05	0.78	6.29	-8.86	-2.09	0.03	-10.48	3.0100000000000002	11.19	-16.75	-18.330000000000002
11:15:05.992343	-1.47	-8.57	0.73	8.77	-8.53	-1.51	-1.76	-10.82	3.35	12.22	-16.34	-20.98
11:15:06.002414	-1.47	-9.81	0.76	10.85	-8.040000000000001	-0.32	-2.1	-10.59	3.54	11.17	-15.35	-22.54
11:15:06.012486	-1.48	-10.28	0.9500000000000001	12.1	-8.4	1.08	-2.33	-9.950000000000001	3.11	6.2700000000000005	-12.66	-23.12
11:15:06.022554	-1.69	-10.8	1.08	12.96	-8.790000000000001	4.75	-2.56	-9.17	2.84	2.74	-11.52	-24.5
11:15:06.032626	-2.31	-11.65	1.79	11.98	-8.51	7.19	-1.23	-6.640000000000001	-0.27	0.98	-10.31	-25.29
11:15:06.042701	-2.68	-11.77	2.05	10.65	-8.67	7.24	-0.34	-6.3500000000000005	-1.6	3.98	-6.32	-27.73
11:15:06.052802	-2.95	-11.72	2.27	9.5	-9.08	4.59	0.67	-6.4	-1.97	6.3100000000000005	-5.58	-28.740000000000002
11:15:06.062931	-3.22	-11.48	2.41	7.51	-9.97	-2.21	0.93	-6.36	-1.08	6.3100000000000005	-5.58	-28.740000000000002
11:15:06.073038	-3.34	-10.82	2.39	7.51	-9.97	-2.21	0.29	-6.58	-0.23	5.83	-6.23	-23.64
11:15:06.083162	-3.45	-10.49	2.36	6.1000000000000005	-9.66	-2.58	-0.17	-6.66	1.1400000000000001	4.7700000000000005	-8.2	-18.72
11:15:06.093240	-3.61	-10.25	2.2800000000000002	3.94	-7.71	3.18	-0.4	-6.7700000000000005	2.61	9.99	-17.73	-11.33
11:15:06.103345	-3.69	-10.16	2.22	2.61	-7.16	5.01	-0.29	-8.52	4.58	4.45	-5.88	-24.97
11:15:06.113960	-1.75	-12.06	2.1	2.2	-10.71	6.55	-0.23	-10.89	3.16	17.400000000000002	-39.11	28.73
11:15:06.124055	-1.8800000000000001	-14.9	0.75	3.11	-18.53	3.34	-0.22	-17.28	-5.03	23.47	-19.85	14.620000000000001
11:15:06.134127	-2.29	-16.65	-0.9	6.140000000000001	-13.74	1.23	-2.49	-21.01	-0.62	-5.3	4.24	-20.19
11:15:06.144264	-1.71	-17.17	-1.8800000000000001	7.83	-9.21	8.19	-0.21	-13.59	3.29	-8.97	4.22	-35.36
11:15:06.154560	-0.63	-13.58	-1.96	6.23	-8.870000000000001	4.89	-0.65	-12.07	5.2	3.36	-18.26	4.24
11:15:06.164637	-0.17	-11.22	-1.04	2.06	-10.77	-0.6900000000000001	-5.2	-9.69	7.68	5.54	-11.05	6.390000000000001
11:15:06.175274	-0.14	-9.86	-0.33	-4.07	-9.64	-4.0200000000000005	-6.7	-7.76	4.42	6.83	-2.86	1.69
11:15:06.185470	-0.77	-9.34	0.27	-5.21	-9.52	-3.59	-1.34	-6.28	5.79	-5.62	-7.21	-6.01
11:15:06.195630	-2.34	-9.57	1.55	-6.09	-10.35	-3.35	3.13	-10.84	7.44	-3.21	-11.31	2.0100000000000002
11:15:06.205893	-2.71	-9.870000000000001	2.0300000000000002	-5.45	-9.39	6.0600000000000005	3.13	-10.84	7.44	-4.54	-8.34	2.66
11:15:06.215987	-2.6	-10.040000000000001	2.39	-3.87	-8.97	6.43	3.08	-10.33	5.21	-3.5300000000000002	-7.97	1.01
11:15:06.226058	-0.8300000000000001	-10.3	2.04	-0.59	-8.49	6.33	1.8900000000000001	-10.03	5.0200000000000005	1.6	-9.06	-4.21
11:15:06.236131	0.38	-10.4	1.68	2.63	-8.74	7.2700000000000005	-0.51	-10.35	3.59	1.26	-11.5	-7.42
11:15:06.246267	1.18	-10.36	1.25	4.9	-9.46	4.5	-0.51	-10.35	3.59	3.0100000000000002	-11.36	-6.55
11:15:06.256339	1.24	-10.05	0.73	5.22	-8.8	3.3200000000000003	0.32	-10.26	2.29	4.73	-9.03	-5.71
11:15:06.267013	0.55	-9.26	-0.12	4.83	-7.95	2.66	0.32	-10.26	2.29	1.82	-8.46	-2.65
11:15:06.277192	0.35000000000000003	-9.07	-0.47000000000000003	3.86	-7.53	2.08	1.61	-9.41	1.37	0.45	-9.06	-3.15
11:15:06.287288	0.34	-9.03	-0.7000000000000001	2.43	-7.66	2.56	1.9100000000000001	-9.700000000000001	1.1400000000000001	0.6	-10.35	-4.74
11:15:06.298120	0.29	-8.9	-0.89	1.54	-7.99	2.92	1.96	-9.75	1.0	1.6300000000000001	-7.78	-1.71
11:15:06.308182	0.07	-8.94	-0.99	0.55	-8.23	3.14	0.76	-9.75	1.3	1.98	-7.1000000000000005	0.46
11:15:06.318735	-0.27	-9.01	-0.93	-0.33	-8.33	3.36	-0.02	-9.61	1.78	0.87	-7.96	-1.9000000000000001
11:15:06.328804	-0.79	-9.05	-0.8200000000000001	-1.21	-9.15	3.0100000000000002	-0.56	-9.81	1.98	1.6500000000000001	-9.23	-4.42
11:15:06.338878	-1.32	-9.09	-0.61	-1.02	-9.55	2.86	-0.73	-10.28	1.6	1.32	-9.53	-4.51
11:15:06.348963	-1.77	-8.99	-0.3	-0.9	-9.53	2.66	-0.71	-10.17	1.61	1.45	-9.58	-4.3100000000000005
11:15:06.359075	-1.72	-8.85	-0.14	-0.75	-9.39	2.79	-0.43	-9.97	1.67	1.84	-9.52	-4.63
11:15:06.369178	-1.31	-8.52	0.02	-0.04	-8.69	2.91	0.01	-9.57	1.45	1.43	-9.41	-5.23
11:15:06.379267	-0.96	-8.290000000000001	0.04	0.4	-8.57	2.84	0.93	-9.32	0.71	-0.31	-8.92	-1.32
11:15:06.389333	-0.9500000000000001	-8.23	-0.01	1.04	-8.53	2.67	0.9	-9.51	0.35000000000000003	-0.34	-8.31	-1.61
11:15:06.399415	-0.86	-8.15	-0.06	1.62	-8.39	2.37	0.74	-9.67	0.54	-0.01	-9.41	-3.56
11:15:06.410029	-0.96	-8.28	-0.26	2.47	-8.24	2.64	-0.36	-9.81	0.9	1.79	-9.08	-4.24
11:15:06.420118	-1.09	-8.43	-0.38	2.43	-8.56	2.54	-0.87	-9.93	0.9500000000000001	3.67	-8.42	-4.87
11:15:06.430669	-1.21	-8.58	-0.47000000000000003	2.36	-8.6	2.62	-0.97	-9.74	1.22	3.62	-8.91	-5.32
11:15:06.440859	-1.3800000000000001	-8.66	-0.51	2.23	-8.4	2.74	-0.81	-9.6	1.4000000000000001	3.04	-9.0	-5.55
11:15:06.451471	-1.54	-8.82	-0.47000000000000003	1.9100000000000001	-8.35	3.2	0.35000000000000003	-9.51	1.1	0.58	-8.81	-3.2800000000000002
11:15:06.461539	-1.6	-8.74	-0.42	1.94	-8.26	3.48	0.7000000000000001	-9.5	1.03	-0.22	-9.16	-3.17
11:15:06.471620	-1.6500000000000001	-8.68	-0.38	1.48	-8.47	3.21	0.99	-9.6	0.66	0.32	-9.32	-3.44
11:15:06.481686	-1.6600000000000001	-8.56	-0.34	1.49	-8.42	3.08	1.06	-9.68	1.17	1.05	-9.370000000000001	-4.19
11:15:06.491763	-1.59	-8.34	-0.24	1.26	-8.69	3.0500000000000003	0.67	-9.49	1.5	2.63	-8.65	-4.88
11:15:06.501875	-1.57	-8.2	-0.26	1.02	-8.75	2.96	0.11	-9.49	1.77	2.72	-8.58	-4.96
11:15:06.511945	-1.47	-8.15	-0.32	1.07	-8.92	2.7800000000000002	-0.27	-9.66	1.9100000000000001	2.27	-8.86	-4.57
11:15:06.522034	-1.35	-8.09	-0.31	0.48	-9.200000000000001	2.8000000000000003	-0.66	-9.89	2.45	1.6300000000000001	-9.3	-4.82
11:15:06.532104	-1.12	-8.26	-0.29	0.16	-9.33	2.74	-0.89	-10.120000000000001	2.44	1.18	-9.92	-4.5
11:15:06.542196	-1.11	-8.47	-0.21	0.17	-9.43	2.66	-0.89	-10.24	2.37	1.75	-9.55	-5.38
11:15:06.552623	-1.11	-8.47	-0.21	-0.05	-9.51	2.37	0.04	-10.120000000000001	2.7600000000000002	-1.77	-11.4	-6.17
11:15:06.562745	-1.12	-8.92	-0.07	0.15	-9.3	2.79	1.27	-10.27	1.6500000000000001	-0.64	-9.78	-4.48
11:15:06.573315	-1.33	-9.290000000000001	-0.02	0.22	-8.89	3.45	0.55	-10.42	1.3	-0.62	-10.28	-4.01
11:15:06.583404	-1.82	-10.18	0.23	0.25	-8.8	2.91	-0.25	-10.07	1.69	3.1	-9.26	-5.41
11:15:06.593618	-1.9000000000000001	-10.34	0.2	0.25	-8.8	2.91	-0.33	-10.11	-0.4	7.63	-8.86	-5.96
11:15:06.604283	-2.0	-10.82	0.25	1.58	-9.19	3.13	-0.33	-9.96	-0.48	8.620000000000001	-9.200000000000001	-6.11
11:15:06.614711	-2.14	-11.06	0.28	1.85	-9.47	3.2800000000000002	-0.72	-10.02	-0.7000000000000001	8.620000000000001	-9.200000000000001	-6.11
11:15:06.625244	-2.29	-11.15	0.28	2.05	-9.81	3.35	-1.45	-10.36	-0.7000000000000001	7.18	-9.99	-5.97
11:15:06.635391	-2.5300000000000002	-11.200000000000001	0.22	2.02	-9.89	3.3200000000000003	-1.06	-10.47	-0.65	4.21	-10.950000000000001	-5.47
11:15:06.645486	-3.06	-10.870000000000001	-0.1	1.8	-9.86	3.6	-0.8	-10.58	-0.53	3.59	-11.32	-5.83
11:15:06.656102	-3.2600000000000002	-10.49	-0.43	1.79	-9.88	3.62	-0.67	-10.69	-0.31	2.95	-11.75	-5.97
11:15:06.666194	-3.39	-10.370000000000001	-0.67	1.8	-9.790000000000001	3.67	-0.26	-10.83	-0.1	2.49	-12.040000000000001	-6.05
11:15:06.676311	-3.35	-10.14	-0.9500000000000001	2.07	-9.47	3.5700000000000003	-0.34	-10.82	-0.19	1.53	-12.49	-5.8500000000000005
11:15:06.686429	-3.11	-9.73	-1.31	2.5	-9.31	3.27	-0.78	-10.790000000000001	-0.49	1.5	-12.67	-5.78
11:15:06.696505	-2.69	-9.69	-1.45	3.0	-9.09	3.36	-0.9	-10.96	-0.62	1.73	-12.91	-6.07
11:15:06.707029	-2.15	-10.03	-1.61	3.77	-8.71	3.9	-0.9	-10.96	-0.62	4.91	-14.83	-5.95
11:15:06.717161	-1.46	-10.63	-1.08	5.32	-9.68	4.5200000000000005	1.47	-12.88	-2.18	5.98	-15.950000000000001	-6.23
11:15:06.727305	-0.65	-13.47	1.97	5.62	-10.27	3.81	-1.43	-13.9	-1.54	3.29	-17.14	-8.45
11:15:06.737383	-2.25	-14.23	3.14	5.4	-10.450000000000001	2.63	-2.0300000000000002	-13.97	-2.13	1.07	-17.93	-8.82
11:15:06.747908	-3.48	-14.71	4.19	5.32	-11.02	2.0300000000000002	-2.5500000000000003	-14.61	-1.6600000000000001	-0.33	-22.73	-1.97
11:15:06.757989	-4.67	-14.61	4.46	4.83	-11.24	1.44	-2.87	-16.93	-3.56	-1.49	-25.17	-2.7600000000000002
11:15:06.768055	-3.06	-12.21	3.18	4.3100000000000005	-10.83	1.21	-1.73	-17.490000000000002	-3.86	-0.53	-24.51	-1.92
11:15:06.778129	-0.66	-10.91	2.21	3.79	-10.040000000000001	1.08	-0.62	-16.65	-5.3100000000000005	0.72	-25.98	1.24
11:15:06.788205	0.85	-9.76	0.98	3.12	-8.83	0.6	0.6900000000000001	-14.870000000000001	-7.33	2.33	-22.07	-0.15
11:15:06.798299	2.84	-8.48	-0.86	0.89	-6.86	0.81	5.99	-12.22	-3.73	2.33	-22.07	-0.15
11:15:06.808425	3.47	-8.41	-1.34	-0.25	-5.95	2.66	5.99	-12.22	-3.73	2.33	-22.07	-0.15
11:15:06.818541	3.66	-8.47	-1.74	-0.66	-6.23	2.87	5.34	-13.4	4.82	2.33	-22.07	-0.15
11:15:06.828644	3.11	-8.86	-2.04	-0.66	-6.23	2.87	5.34	-13.4	4.82	2.33	-22.07	-0.15
11:15:06.838831	1.05	-9.83	-2.04	0.21	-10.24	4.98	3.8000000000000003	-11.74	8.48	8.36	-6.890000000000001	-8.040000000000001
11:15:06.848984	0.25	-10.24	-1.79	0.71	-12.5	5.54	1.46	-10.25	10.81	0.36	-5.82	-3.92
11:15:06.859079	-0.24	-10.59	-1.31	0.62	-15.370000000000001	5.13	-0.33	-9.26	9.92	-7.16	-8.22	29.05
11:15:06.869187	-1.2	-11.1	0.87	0.99	-17.11	4.37	-1.57	-8.620000000000001	7.76	-6.6000000000000005	-7.2	39.32
11:15:06.879315	-1.55	-10.870000000000001	1.46	0.77	-15.51	3.7600000000000002	-2.43	-9.34	6.61	-16.27	-6.61	7.43
11:15:06.889437	-1.84	-10.46	1.93	0.02	-13.77	2.87	-2.49	-9.41	6.15	-8.6	-13.27	0.8300000000000001
11:15:06.899562	-1.94	-9.96	2.22	-0.31	-12.74	1.96	-0.5700000000000001	-6.63	7.34	4.71	-7.18	10.66
11:15:06.909753	-1.67	-8.96	2.3000000000000003	-0.43	-11.200000000000001	1.1500000000000001	0.34	-5.65	7.01	4.2	-1.82	5.62
11:15:06.919857	-1.51	-8.69	2.07	-0.77	-10.44	0.93	0.42	-5.83	7.2700000000000005	4.2	-1.82	5.62
11:15:06.929955	-1.3900000000000001	-8.53	1.74	-1.6400000000000001	-9.58	1.05	0.7000000000000001	-5.28	7.15	6.49	-5.71	-1.86
11:15:06.940292	-1.22	-8.44	1.42	-1.76	-9.870000000000001	1.19	-0.2	-4.44	7.16	4.42	-8.120000000000001	4.75
11:15:06.950824	-1.03	-8.32	0.8	-1.11	-9.28	1.28	-0.21	-4.74	7.0200000000000005	0.87	-6.19	11.33
11:15:06.960937	-0.98	-8.3	0.61	-0.53	-9.21	1.28	-0.42	-4.71	7.26	-4.44	-5.96	8.99
11:15:06.971005	-0.9500000000000001	-8.33	0.39	-0.2	-8.9	0.9400000000000001	-1.04	-4.61	7.24	-5.39	-10.91	7.4
11:15:06.981073	-0.91	-8.3	0.35000000000000003	0.32	-8.17	0.55	-1.36	-4.45	7.55	-3.52	-11.120000000000001	5.2
11:15:06.991147	-0.93	-8.290000000000001	0.37	0.28	-8.11	0.58	-1.45	-4.34	7.54	-0.13	-10.22	1.47
11:15:07.001223	-1.01	-8.26	0.49	0.28	-7.87	0.76	-1.49	-4.39	7.61	1.57	-10.23	1.62
11:15:07.011306	-1.1	-8.22	0.68	-0.01	-7.53	1.02	-1.72	-4.8500000000000005	7.86	3.04	-12.49	-2.2
11:15:07.021404	-1.23	-8.22	0.88	-0.38	-7.66	1.06	-2.16	-5.18	7.890000000000001	3.04	-12.49	-2.2
11:15:07.031473	-1.25	-8.21	0.99	-1.32	-7.25	1.22	-2.38	-5.59	7.8	0.64	-13.83	-1.4000000000000001
11:15:07.042022	-1.28	-8.2	1.03	-1.46	-7.3500000000000005	1.25	-2.58	-6.38	7.3500000000000005	0.23	-14.8	-1.93
11:15:07.052427	-1.22	-8.17	1.07	-1.97	-6.8100000000000005	1.18	-2.29	-6.8500000000000005	7.32	1.62	-16.46	-3.24
11:15:07.062523	-1.21	-8.01	0.96	-2.5100000000000002	-6.21	2.05	-1.7	-7.13	7.25	3.5700000000000003	-17.27	-4.38
11:15:07.072590	-1.28	-7.86	0.91	-2.23	-6.42	1.09	-1.46	-7.36	6.84	4.99	-17.28	-4.91
11:15:07.082711	-1.25	-7.74	0.8300000000000001	-1.6600000000000001	-6.44	0.98	-1.1300000000000001	-8.620000000000001	6.1000000000000005	6.34	-19.68	-7.86
11:15:07.092812	-1.21	-7.73	0.8	-1.1400000000000001	-6.17	1.36	-1.36	-9.74	5.68	6.26	-20.68	-9.66
11:15:07.102934	-1.31	-7.640000000000001	0.79	-1.1400000000000001	-6.17	1.3900000000000001	-0.76	-10.43	4.86	5.94	-21.990000000000002	-10.8
11:15:07.113010	-1.34	-7.640000000000001	0.87	1.25	-7.19	0.3	0.84	-10.370000000000001	3.49	7.5600000000000005	-18.42	-14.48
11:15:07.123276	-1.43	-7.73	0.88	1.25	-7.19	0.3	0.99	-10.88	2.72	7.5600000000000005	-18.42	-14.48
11:15:07.133651	-1.47	-8.03	0.86	2.5500000000000003	-7.930000000000001	-0.14	0.49	-10.950000000000001	2.5	8.71	-17.84	-17.39
11:15:07.143748	-1.33	-8.94	0.78	4.59	-8.56	-1.12	-0.87	-11.370000000000001	2.52	10.91	-14.36	-19.72
11:15:07.153871	-1.23	-9.48	0.75	11.120000000000001	-8.91	-0.54	-0.79	-10.66	2.68	10.91	-14.36	-19.72
11:15:07.163948	-1.22	-9.93	0.67	12.15	-9.05	0.92	-0.62	-9.88	2.49	6.74	-10.92	-22.64
11:15:07.174061	-1.35	-10.72	0.66	11.85	-8.92	5.64	-1.07	-9.18	2.57	6.74	-10.92	-22.64
11:15:07.184642	-1.44	-11.120000000000001	0.76	10.47	-8.9	7.11	-1.61	-6.48	0.42	6.74	-10.92	-22.64
11:15:07.195277	-1.82	-11.23	0.76	9.28	-9.120000000000001	6.24	-1.6400000000000001	-6.01	-1.1	5.4	-5.72	-27.76
11:15:07.205593	-2.09	-11.28	0.88	8.41	-9.290000000000001	3.91	-1.21	-6.32	-2.0	7.1000000000000005	-5.42	-28.97
11:15:07.216064	-2.75	-10.98	1.32	7.73	-9.57	-0.24	1.18	-6.28	-1.3900000000000001	7.1000000000000005	-5.42	-28.97
11:15:07.226153	-3.06	-10.74	1.55	7.38	-9.47	-1.59	1.08	-6.23	-0.23	7.1000000000000005	-5.42	-28.97
11:15:07.236502	-3.3000000000000003	-10.61	1.92	7.03	-8.97	-1.59	1.08	-6.23	-0.23	5.64	-6.2	-20.89
11:15:07.246646	-3.63	-10.38	2.2	6.36	-8.44	-0.51	-0.23	-7.91	3.61	6.79	-11.370000000000001	-14.75
11:15:07.257469	-3.91	-10.01	2.67	3.87	-7.09	3.23	-0.26	-9.370000000000001	3.23	12.540000000000001	-14.120000000000001	-13.74
11:15:07.267610	-2.83	-10.69	2.84	2.62	-8.790000000000001	4.37	-0.63	-13.33	0.45	7.86	-26.32	12.18
11:15:07.277818	-1.86	-13.01	2.31	3.91	-16.04	3.77	-1.86	-23.61	-9.92	25.35	-38.71	29.150000000000002
11:15:07.288302	-1.99	-15.55	0.85	4.12	-20.69	-2.46	-1.68	-16.69	1.61	13.290000000000001	-12.4	0.1
11:15:07.298426	-1.05	-14.99	-2.04	5.9	-11.38	6.49	0.09	-12.56	2.69	-13.64	7.43	-34.42
11:15:07.308638	-0.52	-12.22	-1.6600000000000001	5.83	-8.56	5.45	-2.08	-10.98	6.22	5.15	-18.06	-0.75
11:15:07.318813	0.21	-10.19	-0.8300000000000001	3.86	-7.49	5.2	-8.03	-7.53	4.45	3.23	-14.17	2.16
11:15:07.329277	-0.32	-9.1	0.2	0.1	-7.88	7.84	-5.14	-6.1000000000000005	3.27	7.29	-7.57	8.2
11:15:07.339825	-1.31	-9.32	0.6900000000000001	-2.7	-10.870000000000001	-9.86	-0.66	-4.8	4.32	-5.4	-0.39	-10.64
11:15:07.349896	-1.93	-9.38	1.29	-3.49	-9.75	-6.07	4.91	-9.5	6.91	-6.11	-7.23	-7.0
11:15:07.360001	-2.0300000000000002	-9.35	2.43	-5.15	-8.89	-2.07	4.95	-10.55	6.42	-3.63	-12.35	6.07
11:15:07.370180	-1.46	-9.370000000000001	2.5	-6.57	-7.79	3.27	3.5300000000000002	-10.35	5.08	-4.67	-10.41	5.5600000000000005
11:15:07.380871	-0.59	-9.42	2.17	-4.7700000000000005	-9.09	4.01	0.81	-9.9	4.8	0.25	-8.17	-4.78
11:15:07.390946	0.44	-9.55	1.73	-1.54	-8.51	6.12	-2.46	-10.51	4.29	0.06	-11.9	-7.18
11:15:07.401049	1.46	-9.83	0.76	2.09	-8.42	7.8500000000000005	-2.88	-9.92	3.71	2.77	-11.27	-6.62
11:15:07.411134	1.3900000000000001	-9.93	0.31	3.67	-9.34	7.37	-2.48	-9.44	3.17	4.13	-9.6	-4.33
11:15:07.421202	0.97	-9.96	-0.27	5.16	-9.75	1.77	-0.34	-9.48	2.24	3.27	-6.54	-3.39
11:15:07.431305	0.53	-9.9	-0.8300000000000001	5.04	-9.290000000000001	0.9	1.1	-10.1	1.93	1.17	-8.55	-3.77
11:15:07.441419	0.32	-9.67	-1.57	3.94	-8.75	1.45	2.61	-10.040000000000001	1.53	0.59	-11.49	-5.24
11:15:07.451490	0.26	-9.49	-1.6300000000000001	2.84	-8.28	2.14	3.33	-9.72	1.3900000000000001	1.37	-10.99	-5.68
11:15:07.461566	0.11	-9.35	-1.54	1.56	-7.78	3.22	1.8900000000000001	-9.65	2.45	3.3200000000000003	-6.61	1.6400000000000001
11:15:07.471630	-0.21	-9.23	-1.34	0.6900000000000001	-7.97	4.12	0.86	-9.47	3.17	1.71	-7.29	-1.25
11:15:07.481704	-1.34	-9.370000000000001	-0.74	-0.3	-8.63	4.32	0.34	-9.5	3.37	0.3	-8.93	-5.62
11:15:07.491847	-1.76	-9.41	-0.46	-0.8200000000000001	-9.43	3.89	-0.41000000000000003	-10.46	3.0300000000000002	1.83	-9.39	-3.58
11:15:07.501914	-1.9100000000000001	-9.38	-0.12	-1.62	-9.75	3.4	-1.34	-10.38	3.14	0.1	-9.67	-4.87
11:15:07.512036	-1.9100000000000001	-9.38	-0.12	-1.1300000000000001	-9.65	3.11	-1.75	-10.200000000000001	3.29	0.37	-9.540000000000001	-5.55
11:15:07.522097	-1.8800000000000001	-9.28	0.08	-0.81	-9.59	2.94	-1.44	-9.82	3.1	1.11	-9.84	-4.41
11:15:07.532253	-1.5	-9.14	0.37	0.29	-9.17	2.58	-0.55	-9.68	2.41	-0.53	-8.41	-1.97
11:15:07.542405	-1.35	-9.05	0.36	0.5700000000000001	-9.02	2.73	0.12	-9.63	2.0100000000000002	0.24	-9.14	-2.94
11:15:07.552551	-1.2	-9.02	0.35000000000000003	0.9	-8.85	2.79	0.84	-9.63	1.76	1.43	-8.700000000000001	-3.87
11:15:07.563350	-1.1	-8.9	0.13	1.31	-8.71	2.91	1.51	-9.73	1.71	2.31	-8.42	-4.08
11:15:07.573462	-1.1300000000000001	-8.84	-0.01	1.4000000000000001	-8.61	2.96	1.26	-9.67	1.68	3.19	-9.02	-5.2
11:15:07.583534	-1.1500000000000001	-8.790000000000001	-0.12	1.53	-8.47	2.98	0.7000000000000001	-9.61	1.83	1.36	-8.94	-4.73
11:15:07.593625	-1.19	-8.72	-0.26	1.49	-8.26	3.24	0.0	-9.72	2.0	-0.42	-9.33	-3.46
11:15:07.603761	-1.29	-8.58	-0.52	1.3900000000000001	-8.26	3.61	-0.35000000000000003	-9.65	1.78	-0.48	-9.44	-3.52
11:15:07.613919	-1.23	-8.51	-0.62	1.26	-8.27	3.5300000000000002	0.06	-9.620000000000001	1.67	-0.1	-9.42	-3.75
11:15:07.624470	-1.24	-8.49	-0.7000000000000001	1.23	-8.25	3.27	0.8	-9.65	1.41	0.81	-9.200000000000001	-3.94
11:15:07.634545	-1.23	-8.45	-0.75	1.46	-8.38	3.02	1.11	-9.73	1.26	2.81	-8.870000000000001	-4.99
11:15:07.644614	-1.17	-8.48	-0.6900000000000001	1.46	-9.02	2.65	0.61	-9.82	1.22	3.14	-8.91	-5.23
11:15:07.655266	-1.2	-8.48	-0.54	1.26	-8.870000000000001	2.71	0.2	-9.75	1.47	2.58	-8.99	-4.91
11:15:07.665600	-1.23	-8.52	-0.43	1.23	-9.05	2.7	-0.5700000000000001	-9.78	1.74	1.6300000000000001	-9.24	-4.58
11:15:07.676203	-1.35	-8.5	-0.32	1.05	-9.16	2.67	-0.5700000000000001	-9.8	1.81	0.55	-9.72	-4.41
11:15:07.686275	-1.47	-8.39	-0.09	0.73	-9.1	2.4	-0.51	-9.89	1.74	1.1300000000000001	-11.35	-4.12
11:15:07.696383	-1.49	-8.34	-0.05	0.58	-9.28	2.2800000000000002	1.23	-9.98	1.78	-3.0300000000000002	-10.91	-7.17
11:15:07.706474	-1.59	-8.290000000000001	-0.06	0.5700000000000001	-9.05	2.5500000000000003	1.02	-10.120000000000001	1.43	-0.9500000000000001	-9.8	-2.83
11:15:07.716558	-1.31	-8.25	0.13	0.56	-8.81	3.18	0.37	-10.02	1.6400000000000001	-0.73	-9.950000000000001	-4.28
11:15:07.727202	-1.43	-8.6	0.19	0.64	-8.69	3.18	0.47000000000000003	-9.8	1.22	0.9500000000000001	-9.5	-4.6000000000000005
11:15:07.737301	-1.42	-8.85	0.21	0.96	-8.56	3.2	0.11	-9.91	-0.03	2.95	-9.120000000000001	-5.12
11:15:07.747451	-1.44	-9.16	0.32	1.26	-8.700000000000001	3.19	-0.12	-9.89	-0.31	6.22	-8.75	-5.7
11:15:07.758115	-1.6300000000000001	-9.94	0.52	1.6	-8.77	3.0500000000000003	-0.55	-9.88	-0.76	7.19	-8.8	-5.99
11:15:07.768672	-2.0100000000000002	-10.53	0.5700000000000001	2.13	-9.09	3.15	-1.01	-9.93	-1.26	7.78	-8.97	-6.09
11:15:07.778744	-2.27	-10.69	0.53	2.5100000000000002	-9.24	3.06	-1.07	-10.03	-1.37	7.1000000000000005	-9.31	-5.8
11:15:07.789100	-2.69	-10.81	0.35000000000000003	2.74	-9.43	3.0300000000000002	-0.9400000000000001	-10.15	-1.6300000000000001	5.42	-10.31	-5.72
11:15:07.799168	-2.89	-10.81	0.22	2.93	-9.61	2.8000000000000003	-0.74	-10.25	-1.81	4.83	-10.93	-5.83
11:15:07.809237	-3.0	-10.61	0.03	3.16	-9.540000000000001	2.79	-0.48	-10.33	-1.9000000000000001	3.96	-11.39	-6.08
11:15:07.819547	-3.18	-10.61	-0.17	3.25	-9.4	2.69	-0.42	-10.370000000000001	-1.92	3.25	-11.72	-6.04
11:15:07.829618	-3.2600000000000002	-10.07	-0.55	3.22	-9.200000000000001	2.98	-0.51	-10.53	-1.8	2.14	-12.75	-6.15
11:15:07.839687	-2.92	-9.83	-0.71	3.61	-8.71	3.48	-0.54	-11.14	-1.1300000000000001	2.34	-13.22	-6.3
11:15:07.849844	-2.0300000000000002	-10.27	-0.81	3.8200000000000003	-8.19	4.14	0.6900000000000001	-11.700000000000001	-0.46	3.06	-13.81	-6.26
11:15:07.859961	-1.09	-10.94	-0.27	4.5	-8.53	4.03	1.82	-12.99	-1.74	6.51	-16.53	-7.5
11:15:07.870069	0.18	-13.63	2.73	5.71	-9.56	4.55	0.15	-14.450000000000001	-0.58	3.88	-17.8	-8.88
11:15:07.880738	-1.06	-14.24	4.2	5.62	-11.3	2.18	-2.12	-14.5	-0.13	1.73	-17.29	-8.05
11:15:07.890876	-2.75	-14.48	5.15	5.07	-12.120000000000001	1.97	-3.43	-15.33	0.41000000000000003	1.05	-19.830000000000002	-5.5
11:15:07.900950	-4.88	-14.13	5.04	4.7	-12.48	1.76	-4.07	-15.69	0.52	-0.42	-23.1	-5.12
11:15:07.911062	-6.25	-11.52	2.5300000000000002	4.2700000000000005	-11.93	1.68	-3.54	-17.080000000000002	-1.94	-0.12	-24.59	-2.05
11:15:07.921151	-3.96	-10.4	1.57	3.75	-10.38	0.49	-2.52	-16.61	-2.94	0.38	-24.47	-1.45
11:15:07.931224	-0.93	-9.450000000000001	0.6900000000000001	2.91	-9.59	-0.15	-2.08	-15.85	-4.59	0.85	-24.35	1.16
11:15:07.941308	3.17	-8.700000000000001	-1.09	1.78	-8.6	0.21	-1.6300000000000001	-14.67	-6.23	2.21	-22.3	2.0
11:15:07.951383	3.98	-8.51	-1.84	0.38	-7.58	1.02	4.94	-12.96	-2.7600000000000002	4.42	-20.48	3.2
11:15:07.961512	4.14	-8.53	-2.25	-1.49	-5.46	4.2700000000000005	7.2700000000000005	-12.950000000000001	0.99	10.61	-12.64	8.78
11:15:07.971596	3.84	-8.76	-2.22	-1.71	-5.46	4.58	6.33	-12.72	4.66	14.23	-4.43	11.36
11:15:07.981659	2.19	-9.88	-1.57	-1.43	-6.75	3.14	6.83	-5.7	13.19	12.790000000000001	15.3	-18.04
11:15:07.991736	1.09	-10.27	-1.05	-0.8300000000000001	-8.22	3.72	5.14	-7.75	11.47	9.19	-3.0	-3.49
11:15:08.001813	0.29	-10.48	-0.56	0.7000000000000001	-13.47	4.45	3.22	-9.03	9.66	-1.36	-10.01	1.6500000000000001
11:15:08.011968	-0.21	-10.64	0.0	1.25	-16.51	4.3500000000000005	1.78	-9.23	7.42	-9.66	-18.06	39.32
11:15:08.022101	-1.17	-10.82	1.08	1.74	-18.28	4.71	-2.13	-10.78	7.21	-15.21	-3.11	13.48
11:15:08.032636	-1.55	-10.83	1.55	1.35	-17.6	4.72	-3.09	-10.3	7.75	-19.21	-9.27	-1.8
11:15:08.042711	-1.9100000000000001	-10.67	1.96	0.01	-13.97	2.79	-2.32	-7.9	8.27	-0.44	-11.98	17.77
11:15:08.052852	-2.12	-10.38	2.27	-0.27	-12.14	1.8800000000000001	-0.73	-5.69	7.71	7.57	-0.84	7.26
11:15:08.062924	-1.83	-9.68	2.46	-0.21	-10.94	1.05	-0.6	-5.2700000000000005	7.1000000000000005	10.76	-1.73	1.6
11:15:08.073049	-1.53	-9.4	2.33	-0.06	-10.18	0.56	-0.78	-4.7700000000000005	7.34	4.88	-10.49	-2.9
11:15:08.083121	-1.34	-9.18	2.06	-0.9500000000000001	-9.120000000000001	0.97	-0.56	-4.26	7.55	-1.48	-4.84	10.55
11:15:08.093299	-1.23	-8.950000000000001	1.73	-0.7000000000000001	-9.13	1.24	-0.14	-4.08	7.84	-6.58	-5.41	6.73
11:15:08.103397	-1.07	-8.59	1.01	-0.56	-9.46	1.1300000000000001	-0.24	-4.49	7.37	-8.26	-9.99	7.01
11:15:08.114010	-0.92	-8.59	0.74	0.23	-8.56	1.35	-0.1	-4.68	7.1000000000000005	-5.86	-10.71	4.96
11:15:08.124546	-0.79	-8.65	0.52	0.49	-8.21	1.54	-0.81	-4.59	7.54	0.09	-10.26	2.67
11:15:08.134649	-0.86	-8.870000000000001	0.23	0.49	-8.52	1.3800000000000001	-1.12	-4.83	7.67	2.18	-10.59	-0.56
11:15:08.145383	-1.0	-8.91	0.22	0.55	-8.24	1.09	-1.28	-4.87	8.06	4.08	-11.38	-2.2600000000000002
11:15:08.155452	-1.2	-8.96	0.34	0.22	-8.09	0.45	-1.6600000000000001	-5.73	7.44	1.6	-13.540000000000001	-3.2
11:15:08.165578	-1.33	-8.98	0.47000000000000003	-0.03	-7.930000000000001	0.39	-1.83	-6.18	7.49	0.23	-14.02	-3.47
11:15:08.175713	-1.41	-8.96	0.73	-0.34	-7.5600000000000005	0.7000000000000001	-2.18	-6.83	7.5200000000000005	-0.35000000000000003	-15.33	-4.49
11:15:08.185805	-1.34	-8.870000000000001	0.8	-1.21	-6.97	1.32	-2.8000000000000003	-7.68	6.47	0.58	-16.27	-5.73
11:15:08.195917	-1.34	-8.78	0.84	-1.76	-6.42	2.11	-2.44	-7.67	6.8	3.7800000000000002	-16.11	-7.11
11:15:08.206332	-1.32	-8.61	0.93	-2.09	-6.09	3.0700000000000003	-1.6300000000000001	-7.7	6.7700000000000005	5.03	-15.65	-6.68
11:15:08.216884	-1.28	-8.13	1.02	-1.93	-6.38	2.17	-0.99	-8.370000000000001	6.58	6.54	-15.51	-7.67
11:15:08.227525	-1.24	-7.97	1.07	-1.03	-6.98	0.45	-0.27	-9.77	6.63	6.78	-16.1	-9.07
11:15:08.237681	-1.18	-7.84	1.07	-0.93	-7.05	0.41000000000000003	0.8300000000000001	-9.39	5.36	5.48	-16.75	-10.35
11:15:08.247801	-1.11	-7.8500000000000005	1.06	0.17	-7.3100000000000005	0.62	1.03	-9.84	4.7700000000000005	5.09	-16.39	-11.290000000000001
11:15:08.257890	-1.1300000000000001	-8.0	0.91	1.26	-7.78	0.59	1.54	-9.81	3.67	5.12	-16.17	-12.11
11:15:08.267988	-1.1300000000000001	-8.0	0.91	4.1	-8.1	-0.22	1.04	-9.59	3.62	5.99	-16.53	-16.97
11:15:08.278352	-1.19	-8.02	0.81	5.3500000000000005	-8.06	-0.42	0.38	-9.74	3.42	4.83	-14.72	-20.76
