Time	Pelvis_x	Pelvis_y	Pelvis_z	UppLeg_x	UppLeg_y	UppLeg_z	LowLeg_x	LowLeg_y	LowLeg_z		Foot_x	Foot_y	Foot_z
11:14:59.372294	-0.64	-9.78	-0.08	3.43	-8.86	2.4	0.67	-9.72	-1.05	1.33	-9.63	-1.21
11:14:59.382848	-0.63	-9.78	-0.06	3.34	-8.870000000000001	2.5	0.64	-9.74	-0.9	1.19	-9.55	-1.85
11:14:59.393396	-0.62	-9.78	-0.05	3.23	-8.84	2.72	0.62	-9.75	-0.73	1.06	-9.41	-2.5300000000000002
11:14:59.403505	-0.61	-9.78	-0.04	3.2	-8.82	2.83	0.6	-9.77	-0.58	1.1400000000000001	-9.3	-2.86
11:14:59.413591	-0.59	-9.78	-0.03	3.18	-8.82	2.86	0.5700000000000001	-9.77	-0.43	1.05	-9.34	-2.77
11:14:59.423736	-0.58	-9.78	-0.02	3.16	-8.84	2.83	0.54	-9.78	-0.27	0.84	-9.4	-2.66
11:14:59.434433	-0.5700000000000001	-9.78	-0.01	3.09	-8.870000000000001	2.7800000000000002	0.51	-9.790000000000001	-0.13	0.58	-9.43	-2.61
11:14:59.444500	-0.55	-9.790000000000001	-0.01	2.97	-8.91	2.7800000000000002	0.5	-9.790000000000001	0.0	0.49	-9.41	-2.7
11:14:59.454693	-0.54	-9.790000000000001	0.0	2.8000000000000003	-8.950000000000001	2.83	0.52	-9.790000000000001	0.12	0.56	-9.35	-2.88
11:14:59.465304	-0.53	-9.790000000000001	0.0	2.62	-8.98	2.93	0.55	-9.78	0.23	0.7000000000000001	-9.3	-3.02
11:14:59.475414	-0.51	-9.790000000000001	0.01	2.45	-8.99	3.0500000000000003	0.58	-9.78	0.35000000000000003	0.89	-9.23	-3.17
11:14:59.485586	-0.5	-9.790000000000001	0.02	2.29	-9.0	3.13	0.59	-9.77	0.59	1.0	-9.16	-3.34
11:14:59.495681	-0.49	-9.790000000000001	0.04	2.17	-9.02	3.17	0.5700000000000001	-9.76	0.6900000000000001	1.01	-9.15	-3.35
11:14:59.505845	-0.48	-9.790000000000001	0.06	2.07	-9.040000000000001	3.17	0.56	-9.75	0.79	0.93	-9.19	-3.2800000000000002
11:14:59.516395	-0.48	-9.790000000000001	0.07	1.98	-9.07	3.14	0.54	-9.75	0.88	0.81	-9.200000000000001	-3.27
11:14:59.526511	-0.48	-9.790000000000001	0.08	1.8900000000000001	-9.11	3.09	0.54	-9.74	0.97	0.73	-9.18	-3.34
11:14:59.536639	-0.48	-9.790000000000001	0.09	1.8	-9.14	3.0500000000000003	0.54	-9.73	1.07	0.71	-9.15	-3.45
11:14:59.547359	-0.49	-9.790000000000001	0.09	1.69	-9.17	3.0300000000000002	0.55	-9.72	1.16	0.7000000000000001	-9.120000000000001	-3.5300000000000002
11:14:59.557434	-0.49	-9.790000000000001	0.1	1.56	-9.19	3.04	0.54	-9.71	1.24	0.7000000000000001	-9.09	-3.6
11:14:59.567502	-0.5	-9.790000000000001	0.1	1.41	-9.200000000000001	3.0700000000000003	0.52	-9.700000000000001	1.32	0.72	-9.05	-3.69
11:14:59.577576	-0.5	-9.790000000000001	0.1	1.25	-9.200000000000001	3.12	0.5	-9.69	1.4000000000000001	0.77	-9.01	-3.7800000000000002
11:14:59.587704	-0.5	-9.790000000000001	0.1	1.09	-9.21	3.18	0.47000000000000003	-9.68	1.46	0.85	-8.99	-3.8000000000000003
11:14:59.597776	-0.5	-9.790000000000001	0.1	0.93	-9.21	3.22	0.44	-9.67	1.52	0.91	-9.01	-3.75
11:14:59.607882	-0.49	-9.790000000000001	0.09	0.79	-9.21	3.2600000000000002	0.43	-9.66	1.58	0.9500000000000001	-9.02	-3.71
11:14:59.617953	-0.49	-9.790000000000001	0.09	0.66	-9.21	3.2800000000000002	0.41000000000000003	-9.66	1.6300000000000001	0.98	-9.0	-3.75
11:14:59.628028	-0.48	-9.790000000000001	0.08	0.53	-9.21	3.3000000000000003	0.4	-9.65	1.68	0.98	-8.96	-3.85
11:14:59.638112	-0.47000000000000003	-9.790000000000001	0.08	0.4	-9.21	3.3200000000000003	0.38	-9.64	1.73	0.99	-8.93	-3.91
11:14:59.648180	-0.46	-9.790000000000001	0.07	0.27	-9.21	3.35	0.35000000000000003	-9.63	1.78	1.0	-8.92	-3.94
11:14:59.658284	-0.45	-9.790000000000001	0.07	0.13	-9.200000000000001	3.38	0.32	-9.620000000000001	1.83	1.04	-8.9	-3.96
11:14:59.668354	-0.44	-9.790000000000001	0.06	0.0	-9.19	3.41	0.3	-9.61	1.8800000000000001	1.1	-8.89	-3.97
11:14:59.678428	-0.43	-9.790000000000001	0.05	-0.12	-9.17	3.45	0.27	-9.6	1.93	1.17	-8.88	-3.97
11:14:59.688511	-0.43	-9.790000000000001	0.04	-0.24	-9.16	3.49	0.25	-9.6	1.98	1.21	-8.870000000000001	-3.98
11:14:59.698581	-0.42	-9.790000000000001	0.03	-0.35000000000000003	-9.14	3.52	0.24	-9.59	2.0300000000000002	1.22	-8.85	-4.03
11:14:59.708652	-0.42	-9.790000000000001	0.03	-0.46	-9.120000000000001	3.5500000000000003	0.22	-9.57	2.08	1.21	-8.83	-4.09
11:14:59.718720	-0.41000000000000003	-9.790000000000001	0.03	-0.56	-9.1	3.59	0.21	-9.56	2.14	1.19	-8.8	-4.14
11:14:59.728796	-0.41000000000000003	-9.790000000000001	0.03	-0.66	-9.08	3.62	0.2	-9.55	2.21	1.16	-8.78	-4.2
11:14:59.738873	-0.41000000000000003	-9.790000000000001	0.03	-0.75	-9.07	3.64	0.19	-9.53	2.2800000000000002	1.1300000000000001	-8.76	-4.26
11:14:59.748945	-0.42	-9.790000000000001	0.04	-0.78	-9.06	3.65	0.19	-9.51	2.35	1.1400000000000001	-8.73	-4.3100000000000005
11:14:59.759013	-0.42	-9.790000000000001	0.06	-0.86	-9.040000000000001	3.69	0.18	-9.49	2.43	1.17	-8.700000000000001	-4.36
11:14:59.769082	-0.43	-9.790000000000001	0.08	-0.9400000000000001	-9.01	3.73	0.17	-9.47	2.52	1.19	-8.67	-4.41
11:14:59.779151	-0.45	-9.790000000000001	0.11	-1.02	-8.99	3.77	0.15	-9.44	2.61	1.23	-8.63	-4.47
11:14:59.789281	-0.49	-9.790000000000001	0.15	-1.1	-8.96	3.8000000000000003	0.13	-9.42	2.71	1.3	-8.59	-4.54
11:14:59.799433	-0.49	-9.790000000000001	0.15	-1.17	-8.94	3.83	0.1	-9.39	2.82	1.36	-8.53	-4.62
11:14:59.809524	-0.54	-9.78	0.19	-1.25	-8.93	3.84	0.06	-9.35	2.93	1.3800000000000001	-8.48	-4.72
11:14:59.819654	-0.5700000000000001	-9.78	0.21	-1.33	-8.91	3.85	0.03	-9.32	3.0500000000000003	1.3800000000000001	-8.41	-4.84
11:14:59.829748	-0.6	-9.78	0.23	-1.41	-8.9	3.84	0.0	-9.27	3.17	1.37	-8.34	-4.97
11:14:59.840300	-0.63	-9.78	0.24	-1.49	-8.9	3.8200000000000003	-0.03	-9.23	3.3000000000000003	1.36	-8.26	-5.1000000000000005
11:14:59.850394	-0.65	-9.78	0.26	-1.56	-8.9	3.8000000000000003	-0.07	-9.17	3.44	1.35	-8.17	-5.24
11:14:59.860468	-0.68	-9.77	0.28	-1.6300000000000001	-8.89	3.7800000000000002	-0.1	-9.120000000000001	3.59	1.33	-8.07	-5.39
11:14:59.870560	-0.71	-9.77	0.29	-1.68	-8.89	3.7600000000000002	-0.14	-9.05	3.75	1.31	-7.96	-5.5600000000000005
11:14:59.880662	-0.73	-9.77	0.31	-1.72	-8.9	3.73	-0.18	-8.98	3.92	1.29	-7.8500000000000005	-5.73
11:14:59.890759	-0.73	-9.77	0.31	-1.75	-8.9	3.7	-0.23	-8.9	4.09	1.29	-7.8500000000000005	-5.73
11:14:59.900833	-0.78	-9.76	0.35000000000000003	-1.78	-8.91	3.67	-0.27	-8.81	4.28	1.23	-7.58	-6.09
11:14:59.910904	-0.81	-9.76	0.37	-1.8	-8.92	3.64	-0.33	-8.72	4.46	1.2	-7.43	-6.28
11:14:59.920985	-0.81	-9.76	0.37	-1.81	-8.94	3.59	-0.39	-8.61	4.66	1.1400000000000001	-7.26	-6.49
11:14:59.931473	-0.86	-9.76	0.38	-1.81	-8.950000000000001	3.5500000000000003	-0.47000000000000003	-8.5	4.86	1.11	-7.08	-6.69
11:14:59.941571	-0.89	-9.75	0.36	-1.8	-8.97	3.5100000000000002	-0.58	-8.370000000000001	5.0600000000000005	1.16	-6.88	-6.88
11:14:59.952277	-0.89	-9.75	0.36	-1.77	-9.0	3.46	-0.67	-8.23	5.28	1.1400000000000001	-6.67	-7.09
11:14:59.962384	-0.93	-9.75	0.33	-1.71	-9.03	3.39	-0.76	-8.07	5.5	0.9	-6.42	-7.3500000000000005
11:14:59.972483	-0.96	-9.75	0.3	-1.6300000000000001	-9.08	3.3000000000000003	-0.87	-7.9	5.74	0.59	-6.13	-7.62
11:14:59.982552	-0.97	-9.75	0.28	-1.3900000000000001	-9.21	3.0500000000000003	-1.03	-7.7	5.98	0.32	-5.88	-7.84
11:14:59.992666	-0.96	-9.75	0.27	-1.3900000000000001	-9.21	3.0500000000000003	-1.26	-7.49	6.19	0.25	-5.6000000000000005	-8.040000000000001
11:15:00.002776	-0.9400000000000001	-9.75	0.26	-1.23	-9.28	2.9	-1.53	-7.2700000000000005	6.390000000000001	0.51	-5.26	-8.25
11:15:00.013224	-0.93	-9.75	0.24	-1.04	-9.35	2.75	-1.78	-7.05	6.5600000000000005	0.86	-4.84	-8.48
11:15:00.023462	-0.9	-9.76	0.23	-0.8200000000000001	-9.4	2.63	-1.94	-6.8500000000000005	6.73	1.11	-4.42	-8.67
11:15:00.033695	-0.88	-9.76	0.21	-0.31	-9.48	2.48	-2.0	-6.67	6.9	1.35	-4.12	-8.790000000000001
11:15:00.044331	-0.86	-9.76	0.19	-0.04	-9.49	2.45	-2.02	-6.5	7.05	1.28	-3.67	-9.0
11:15:00.054433	-0.84	-9.76	0.17	0.21	-9.49	2.44	-2.02	-6.34	7.19	0.88	-2.94	-9.31
11:15:00.064565	-0.8200000000000001	-9.77	0.15	0.44	-9.48	2.45	-1.93	-6.21	7.33	-1.56	-1.84	-9.5
11:15:00.075180	-0.8	-9.77	0.13	0.65	-9.46	2.47	-1.79	-6.09	7.47	-2.06	-1.95	-9.38
11:15:00.085635	-0.8	-9.77	0.11	0.86	-9.44	2.48	-1.67	-5.97	7.59	-1.28	-2.23	-9.46
11:15:00.096148	-0.79	-9.77	0.1	1.07	-9.42	2.47	-1.6	-5.9	7.66	-0.24	-2.58	-9.450000000000001
11:15:00.106634	-0.8	-9.77	0.1	1.31	-9.4	2.45	-1.55	-5.91	7.66	0.6	-2.96	-9.32
11:15:00.116990	-0.8	-9.77	0.1	1.56	-9.370000000000001	2.41	-1.55	-5.91	7.66	0.9	-3.2800000000000002	-9.19
11:15:00.127544	-0.81	-9.77	0.11	1.81	-9.34	2.36	-1.48	-6.09	7.53	0.92	-3.5300000000000002	-9.1
11:15:00.137630	-0.81	-9.77	0.11	2.08	-9.3	2.3000000000000003	-1.41	-6.23	7.43	0.8200000000000001	-3.64	-9.06
11:15:00.147700	-0.81	-9.77	0.12	2.33	-9.25	2.24	-1.32	-6.41	7.3	0.61	-3.75	-9.03
11:15:00.157775	-0.8	-9.77	0.12	2.57	-9.200000000000001	2.19	-1.21	-6.61	7.13	0.39	-4.03	-8.93
11:15:00.167846	-0.8	-9.77	0.13	2.7800000000000002	-9.14	2.16	-1.1	-6.83	6.94	0.36	-4.38	-8.76
11:15:00.177935	-0.79	-9.77	0.13	2.98	-9.08	2.15	-1.0	-7.07	6.71	0.6	-4.71	-8.57
11:15:00.188030	-0.79	-9.77	0.13	3.16	-9.02	2.14	-0.9	-7.32	6.45	0.96	-5.07	-8.33
11:15:00.198464	-0.78	-9.77	0.13	3.33	-8.97	2.13	-0.9	-7.32	6.45	1.29	-5.48	-8.02
11:15:00.208553	-0.78	-9.77	0.13	3.49	-8.91	2.1	-0.72	-7.86	5.8100000000000005	1.45	-5.93	-7.67
11:15:00.218627	-0.77	-9.77	0.13	3.63	-8.86	2.06	-0.62	-8.120000000000001	5.45	1.46	-6.37	-7.3
11:15:00.228746	-0.78	-9.77	0.13	3.7600000000000002	-8.82	2.0100000000000002	-0.52	-8.370000000000001	5.07	1.41	-6.79	-6.92
11:15:00.238850	-0.78	-9.77	0.13	3.87	-8.78	1.96	-0.41000000000000003	-8.620000000000001	4.65	1.4000000000000001	-7.19	-6.5
11:15:00.248919	-0.78	-9.77	0.12	3.97	-8.75	1.9100000000000001	-0.32	-8.85	4.2	1.46	-7.5600000000000005	-6.0600000000000005
11:15:00.259007	-0.78	-9.77	0.12	4.05	-8.73	1.87	-0.24	-9.07	3.71	1.57	-7.9	-5.58
11:15:00.269082	-0.79	-9.77	0.12	4.11	-8.700000000000001	1.85	-0.17	-9.26	3.21	1.6500000000000001	-8.21	-5.08
11:15:00.279185	-0.79	-9.77	0.11	4.16	-8.68	1.84	-0.1	-9.43	2.68	1.69	-8.5	-4.58
11:15:00.289256	-0.8	-9.77	0.1	4.2	-8.66	1.85	-0.02	-9.56	2.14	1.68	-8.75	-4.09
11:15:00.299467	-0.81	-9.77	0.1	4.21	-8.65	1.87	0.04	-9.67	1.59	1.6400000000000001	-8.97	-3.6
11:15:00.309868	-0.8200000000000001	-9.77	0.08	4.21	-8.64	1.8900000000000001	0.1	-9.75	1.03	1.58	-9.16	-3.1
11:15:00.320401	-0.8200000000000001	-9.77	0.08	4.2	-8.64	1.9100000000000001	0.16	-9.790000000000001	0.49	1.49	-9.34	-2.57
11:15:00.330566	-0.86	-9.76	0.05	4.17	-8.65	1.95	0.21	-9.8	-0.03	1.3900000000000001	-9.49	-2.02
11:15:00.340647	-0.88	-9.76	0.04	4.13	-8.66	1.99	0.26	-9.78	-0.52	1.29	-9.6	-1.49
11:15:00.350708	-0.9	-9.76	0.01	4.07	-8.68	2.04	0.31	-9.75	-1.0	1.22	-9.67	-1.02
11:15:00.360785	-0.92	-9.76	0.0	4.01	-8.69	2.11	0.35000000000000003	-9.69	-1.43	1.17	-9.71	-0.63
11:15:00.370903	-0.9500000000000001	-9.76	-0.03	3.94	-8.71	2.17	0.38	-9.620000000000001	-1.82	1.1300000000000001	-9.73	-0.27
11:15:00.381020	-0.97	-9.75	-0.05	3.88	-8.72	2.21	0.41000000000000003	-9.55	-2.15	1.08	-9.74	0.03
11:15:00.391092	-0.99	-9.75	-0.07	3.83	-8.74	2.24	0.44	-9.49	-2.42	1.01	-9.74	0.29
11:15:00.401204	-1.01	-9.75	-0.08	3.8000000000000003	-8.74	2.27	0.46	-9.43	-2.61	0.9400000000000001	-9.74	0.48
11:15:00.411283	-1.03	-9.75	-0.09	3.7800000000000002	-8.74	2.31	0.48	-9.4	-2.73	0.89	-9.74	0.5700000000000001
11:15:00.421425	-1.04	-9.74	-0.1	3.7800000000000002	-8.73	2.35	0.49	-9.39	-2.77	0.86	-9.75	0.5700000000000001
11:15:00.431851	-1.06	-9.74	-0.1	3.8000000000000003	-8.72	2.35	0.5	-9.4	-2.73	0.86	-9.75	0.53
11:15:00.441943	-1.07	-9.74	-0.11	3.84	-8.72	2.29	0.49	-9.43	-2.64	0.88	-9.75	0.44
11:15:00.452297	-1.09	-9.74	-0.12	3.9	-8.71	2.22	0.49	-9.47	-2.48	0.9400000000000001	-9.75	0.4
11:15:00.462453	-1.1	-9.74	-0.12	3.97	-8.700000000000001	2.14	0.48	-9.52	-2.2800000000000002	1.09	-9.74	0.23
11:15:00.472516	-1.11	-9.74	-0.13	4.03	-8.67	2.14	0.51	-9.56	-2.08	1.35	-9.71	-0.08
11:15:00.482590	-1.1300000000000001	-9.74	-0.12	4.03	-8.67	2.14	0.56	-9.6	-1.9100000000000001	1.58	-9.67	-0.36
11:15:00.492701	-1.16	-9.73	-0.1	4.0	-8.66	2.25	0.51	-9.620000000000001	-1.79	1.83	-9.6	-0.6900000000000001
11:15:00.503129	-1.19	-9.73	-0.08	3.95	-8.66	2.31	0.43	-9.66	-1.62	1.95	-9.55	-1.02
11:15:00.513443	-1.22	-9.73	-0.05	3.87	-8.64	2.5300000000000002	0.35000000000000003	-9.69	-1.44	1.82	-9.53	-1.36
11:15:00.523576	-1.23	-9.72	-0.03	3.85	-8.620000000000001	2.62	0.3	-9.72	-1.24	1.68	-9.46	-1.93
11:15:00.534207	-1.23	-9.72	-0.02	3.83	-8.64	2.59	0.28	-9.74	-1.07	1.55	-9.36	-2.47
11:15:00.544338	-1.23	-9.72	-0.02	3.8000000000000003	-8.68	2.5	0.27	-9.75	-0.92	1.45	-9.21	-3.0300000000000002
11:15:00.554905	-1.24	-9.72	-0.02	3.73	-8.73	2.44	0.26	-9.77	-0.75	1.27	-9.17	-3.22
11:15:00.565010	-1.24	-9.72	-0.01	3.62	-8.78	2.44	0.26	-9.78	-0.59	1.1300000000000001	-9.200000000000001	-3.19
11:15:00.575181	-1.24	-9.72	0.0	3.46	-8.82	2.5100000000000002	0.25	-9.790000000000001	-0.43	1.04	-9.27	-3.0100000000000002
11:15:00.585254	-1.23	-9.72	0.02	3.2800000000000002	-8.85	2.64	0.26	-9.790000000000001	-0.28	1.04	-9.27	-3.0100000000000002
11:15:00.595356	-1.2	-9.73	0.04	3.09	-8.870000000000001	2.8000000000000003	0.27	-9.8	-0.14	1.07	-9.31	-2.86
11:15:00.605439	-1.17	-9.73	0.07	2.88	-8.89	2.94	0.3	-9.8	-0.01	1.18	-9.28	-2.93
11:15:00.615511	-1.1400000000000001	-9.73	0.09	2.73	-8.93	2.98	0.33	-9.8	0.1	1.35	-9.22	-3.02
11:15:00.625585	-1.1	-9.74	0.11	2.61	-8.97	2.96	0.34	-9.790000000000001	0.22	1.42	-9.18	-3.13
11:15:00.636210	-1.08	-9.74	0.13	2.52	-9.01	2.91	0.34	-9.790000000000001	0.33	1.35	-9.13	-3.29
11:15:00.646277	-1.06	-9.74	0.14	2.44	-9.06	2.84	0.32	-9.78	0.54	1.18	-9.09	-3.46
11:15:00.656358	-1.04	-9.74	0.15	2.35	-9.1	2.79	0.32	-9.78	0.63	1.02	-9.09	-3.5100000000000002
11:15:00.666520	-1.03	-9.75	0.15	2.24	-9.120000000000001	2.7800000000000002	0.32	-9.77	0.73	0.9500000000000001	-9.120000000000001	-3.46
11:15:00.677217	-1.03	-9.75	0.15	2.11	-9.15	2.81	0.31	-9.76	0.8200000000000001	0.92	-9.13	-3.43
11:15:00.687337	-1.03	-9.75	0.15	1.95	-9.17	2.87	0.31	-9.75	0.91	0.92	-9.13	-3.45
11:15:00.697410	-1.03	-9.75	0.14	1.77	-9.18	2.93	0.31	-9.75	0.98	0.93	-9.1	-3.5100000000000002
11:15:00.707657	-1.02	-9.75	0.13	1.77	-9.18	2.93	0.31	-9.75	0.98	0.93	-9.1	-3.5100000000000002
11:15:00.717776	-1.01	-9.75	0.13	1.6	-9.19	2.99	0.3	-9.74	1.06	0.9500000000000001	-9.06	-3.61
11:15:00.727878	-1.0	-9.75	0.12	1.3	-9.22	3.06	0.29	-9.73	1.1300000000000001	1.02	-9.0	-3.73
11:15:00.737998	-0.99	-9.75	0.12	1.19	-9.22	3.09	0.25	-9.72	1.26	1.09	-9.0	-3.73
11:15:00.748072	-0.97	-9.75	0.12	1.09	-9.23	3.11	0.24	-9.71	1.33	1.11	-9.0	-3.71
11:15:00.758204	-0.9500000000000001	-9.75	0.11	0.99	-9.23	3.14	0.23	-9.700000000000001	1.4000000000000001	1.12	-8.98	-3.7600000000000002
11:15:00.768312	-0.93	-9.76	0.11	0.87	-9.23	3.17	0.23	-9.69	1.47	1.12	-8.950000000000001	-3.84
11:15:00.778889	-0.9	-9.76	0.1	0.75	-9.23	3.2	0.22	-9.68	1.54	1.12	-8.92	-3.9
11:15:00.788960	-0.88	-9.76	0.1	0.62	-9.22	3.25	0.2	-9.66	1.62	1.12	-8.92	-3.9
11:15:00.799090	-0.86	-9.76	0.09	0.5	-9.21	3.3000000000000003	0.19	-9.65	1.7	1.1400000000000001	-8.88	-4.0
11:15:00.809203	-0.85	-9.76	0.09	0.38	-9.21	3.34	0.17	-9.64	1.78	1.19	-8.86	-4.03
11:15:00.819273	-0.84	-9.76	0.08	0.27	-9.200000000000001	3.37	0.15	-9.620000000000001	1.86	1.24	-8.84	-4.05
11:15:00.829710	-0.8300000000000001	-9.77	0.08	0.17	-9.19	3.4	0.14	-9.61	1.94	1.29	-8.82	-4.08
11:15:00.839850	-0.8300000000000001	-9.77	0.08	0.08	-9.18	3.42	0.12	-9.59	2.0300000000000002	1.32	-8.790000000000001	-4.13
11:15:00.850094	-0.8200000000000001	-9.77	0.09	0.0	-9.18	3.44	0.11	-9.57	2.11	1.33	-8.76	-4.18
11:15:00.860561	-0.8200000000000001	-9.77	0.09	-0.1	-9.17	3.47	0.1	-9.55	2.2	1.33	-8.76	-4.18
11:15:00.870627	-0.8200000000000001	-9.77	0.1	-0.19	-9.15	3.49	0.1	-9.53	2.29	1.33	-8.76	-4.18
11:15:00.880909	-0.8200000000000001	-9.77	0.11	-0.29	-9.14	3.52	0.09	-9.5	2.39	1.21	-8.700000000000001	-4.3500000000000005
11:15:00.890981	-0.8300000000000001	-9.77	0.13	-0.38	-9.120000000000001	3.56	0.09	-9.48	2.49	1.22	-8.67	-4.41
11:15:00.901055	-0.84	-9.76	0.15	-0.48	-9.1	3.61	0.09	-9.450000000000001	2.58	1.26	-8.64	-4.44
11:15:00.911134	-0.85	-9.76	0.17	-0.5700000000000001	-9.07	3.66	0.07	-9.43	2.68	1.31	-8.61	-4.48
11:15:00.921211	-0.86	-9.76	0.19	-0.65	-9.05	3.7	0.06	-9.4	2.79	1.31	-8.61	-4.48
11:15:00.931334	-0.87	-9.76	0.21	-0.74	-9.03	3.72	0.04	-9.36	2.89	1.4000000000000001	-8.540000000000001	-4.6000000000000005
11:15:00.941807	-0.88	-9.76	0.22	-0.8200000000000001	-9.02	3.75	0.01	-9.33	3.0100000000000002	1.44	-8.49	-4.68
11:15:00.951911	-0.89	-9.76	0.24	-0.9	-9.0	3.7600000000000002	-0.01	-9.290000000000001	3.13	1.47	-8.43	-4.78
11:15:00.962035	-0.9	-9.76	0.25	-0.97	-8.99	3.77	-0.04	-9.24	3.25	1.48	-8.370000000000001	-4.89
11:15:00.972174	-0.92	-9.75	0.26	-1.05	-8.99	3.7600000000000002	-0.06	-9.200000000000001	3.39	1.48	-8.290000000000001	-5.01
11:15:00.982699	-0.93	-9.75	0.27	-1.12	-8.99	3.74	-0.09	-9.14	3.5300000000000002	1.47	-8.21	-5.14
11:15:00.992824	-0.9500000000000001	-9.75	0.29	-1.19	-8.99	3.71	-0.12	-9.08	3.68	1.45	-8.120000000000001	-5.29
11:15:01.002949	-0.97	-9.75	0.3	-1.28	-9.0	3.65	-0.14	-9.02	3.84	1.45	-8.120000000000001	-5.29
11:15:01.013075	-0.98	-9.75	0.31	-1.28	-9.0	3.65	-0.17	-8.94	4.01	1.3900000000000001	-7.91	-5.62
11:15:01.023193	-1.0	-9.74	0.33	-1.33	-9.03	3.58	-0.21	-8.86	4.18	1.3900000000000001	-7.91	-5.62
11:15:01.033543	-1.02	-9.74	0.34	-1.34	-9.040000000000001	3.5300000000000002	-0.25	-8.77	4.36	1.34	-7.640000000000001	-5.98
11:15:01.043830	-1.04	-9.74	0.36	-1.35	-9.06	3.47	-0.3	-8.67	4.5600000000000005	1.34	-7.640000000000001	-5.98
11:15:01.054326	-1.07	-9.74	0.37	-1.34	-9.09	3.42	-0.36	-8.56	4.76	1.34	-7.640000000000001	-5.98
11:15:01.064548	-1.1	-9.73	0.38	-1.32	-9.11	3.36	-0.43	-8.44	4.97	1.21	-7.13	-6.61
11:15:01.074734	-1.1300000000000001	-9.73	0.38	-1.27	-9.14	3.29	-0.52	-8.3	5.18	1.19	-6.68	-7.07
11:15:01.085163	-1.16	-9.72	0.37	-1.27	-9.14	3.29	-0.65	-8.14	5.41	1.19	-6.68	-7.07
11:15:01.095525	-1.2	-9.72	0.35000000000000003	-1.11	-9.24	3.08	-0.65	-8.14	5.41	1.04	-6.42	-7.33
11:15:01.105765	-1.23	-9.72	0.32	-0.99	-9.3	2.94	-0.96	-7.78	5.88	0.58	-5.78	-7.890000000000001
11:15:01.115839	-1.24	-9.72	0.3	-0.8300000000000001	-9.36	2.79	-1.18	-7.58	6.1000000000000005	0.5	-5.48	-8.11
11:15:01.125917	-1.24	-9.72	0.27	-0.65	-9.41	2.65	-1.4000000000000001	-7.38	6.29	0.6900000000000001	-5.14	-8.31
11:15:01.136010	-1.22	-9.72	0.25	-0.45	-9.46	2.52	-1.56	-7.19	6.48	0.98	-4.71	-8.540000000000001
11:15:01.146128	-1.19	-9.73	0.23	-0.22	-9.5	2.42	-1.67	-6.99	6.66	1.09	-4.26	-8.76
11:15:01.156200	-1.16	-9.73	0.2	0.02	-9.52	2.33	-1.73	-6.82	6.82	1.09	-4.26	-8.76
11:15:01.166303	-1.1400000000000001	-9.73	0.18	0.27	-9.53	2.27	-1.79	-6.66	6.96	1.25	-3.41	-9.1
11:15:01.176409	-1.12	-9.74	0.15	0.52	-9.52	2.25	-1.84	-6.53	7.07	0.81	-2.75	-9.370000000000001
11:15:01.186596	-1.1	-9.74	0.12	0.75	-9.51	2.25	-1.79	-6.42	7.18	-0.2	-2.07	-9.58
11:15:01.196713	-1.09	-9.74	0.1	0.97	-9.49	2.25	-1.67	-6.34	7.29	-1.81	-1.6400000000000001	-9.49
11:15:01.206869	-1.08	-9.74	0.07	1.18	-9.47	2.24	-1.46	-6.18	7.47	-2.8000000000000003	-1.6600000000000001	-9.25
11:15:01.217497	-1.08	-9.74	0.05	1.4000000000000001	-9.44	2.21	-1.41	-6.15	7.49	-2.17	-1.92	-9.36
11:15:01.227566	-1.08	-9.74	0.04	1.6300000000000001	-9.42	2.17	-1.3800000000000001	-6.19	7.47	-2.17	-1.92	-9.36
11:15:01.238188	-1.08	-9.74	0.03	1.87	-9.39	2.1	-1.35	-6.2700000000000005	7.41	0.19	-2.68	-9.42
11:15:01.248520	-1.08	-9.74	0.03	2.12	-9.35	2.02	-1.32	-6.38	7.32	0.66	-3.0500000000000003	-9.290000000000001
11:15:01.258735	-1.07	-9.74	0.04	2.37	-9.31	1.92	-1.27	-6.53	7.19	0.67	-3.31	-9.200000000000001
11:15:01.269159	-1.06	-9.74	0.05	2.62	-9.27	1.83	-1.21	-6.7	7.05	0.67	-3.31	-9.200000000000001
11:15:01.279587	-1.06	-9.74	0.05	2.85	-9.21	1.74	-1.1300000000000001	-6.890000000000001	6.87	0.16	-3.5700000000000003	-9.13
11:15:01.289661	-1.02	-9.75	0.07	3.0700000000000003	-9.15	1.68	-1.04	-7.1000000000000005	6.67	0.03	-3.92	-8.98
11:15:01.299737	-1.0	-9.75	0.07	3.27	-9.09	1.6300000000000001	-0.96	-7.33	6.43	0.03	-3.92	-8.98
11:15:01.309819	-0.99	-9.75	0.08	3.45	-9.03	1.6	-0.89	-7.58	6.140000000000001	0.03	-3.92	-8.98
11:15:01.319977	-0.99	-9.75	0.08	3.62	-8.97	1.56	-0.8300000000000001	-7.84	5.82	0.93	-5.0	-8.38
11:15:01.330043	-0.96	-9.75	0.09	3.77	-8.92	1.53	-0.78	-8.1	5.47	0.93	-5.0	-8.38
11:15:01.340206	-0.9500000000000001	-9.75	0.1	3.9	-8.870000000000001	1.48	-0.73	-8.35	5.08	1.49	-5.82	-7.74
11:15:01.350271	-0.9500000000000001	-9.75	0.1	4.0200000000000005	-8.82	1.43	-0.67	-8.59	4.66	1.49	-5.82	-7.74
11:15:01.360374	-0.9400000000000001	-9.76	0.1	4.11	-8.790000000000001	1.3900000000000001	-0.6	-8.83	4.21	1.53	-6.68	-7.0
11:15:01.370443	-0.93	-9.76	0.11	4.2	-8.75	1.34	-0.54	-9.05	3.73	1.55	-7.09	-6.58
11:15:01.380519	-0.93	-9.76	0.11	4.26	-8.73	1.29	-0.49	-9.25	3.21	1.6500000000000001	-7.47	-6.12
11:15:01.390644	-0.92	-9.76	0.11	4.3100000000000005	-8.71	1.27	-0.44	-9.42	2.67	1.78	-7.83	-5.62
11:15:01.400719	-0.9400000000000001	-9.75	0.14	4.3500000000000005	-8.69	1.27	-0.39	-9.56	2.11	1.78	-7.83	-5.62
11:15:01.410800	-0.9400000000000001	-9.75	0.14	4.38	-8.67	1.3	-0.33	-9.67	1.54	2.0	-8.42	-4.59
11:15:01.420866	-0.9400000000000001	-9.75	0.14	4.39	-8.66	1.33	-0.27	-9.75	0.98	2.0300000000000002	-8.67	-4.09
11:15:01.430950	-0.9500000000000001	-9.75	0.13	4.38	-8.66	1.36	-0.19	-9.790000000000001	0.44	2.02	-8.88	-3.61
11:15:01.441022	-0.97	-9.75	0.15	4.37	-8.66	1.3800000000000001	-0.1	-9.8	-0.07	1.98	-9.07	-3.13
11:15:01.451140	-1.0	-9.75	0.16	4.34	-8.67	1.4000000000000001	-0.01	-9.790000000000001	-0.55	1.8900000000000001	-9.26	-2.61
11:15:01.461896	-1.01	-9.75	0.15	4.3	-8.69	1.43	0.06	-9.75	-1.01	1.78	-9.41	-2.08
11:15:01.471963	-1.02	-9.75	0.13	4.26	-8.700000000000001	1.46	0.13	-9.69	-1.44	1.68	-9.52	-1.6
11:15:01.482146	-1.03	-9.75	0.12	4.22	-8.72	1.48	0.18	-9.63	-1.82	1.62	-9.59	-1.19
11:15:01.492771	-1.04	-9.75	0.1	4.2	-8.73	1.5	0.22	-9.56	-2.16	1.58	-9.64	-0.81
11:15:01.502907	-1.04	-9.75	0.09	4.19	-8.73	1.52	0.25	-9.49	-2.44	1.55	-9.67	-0.47000000000000003
11:15:01.513018	-1.04	-9.74	0.07	4.18	-8.72	1.57	0.28	-9.43	-2.66	1.52	-9.68	-0.18
11:15:01.523149	-1.05	-9.74	0.06	4.18	-8.68	1.78	0.29	-9.38	-2.81	1.47	-9.69	0.04
11:15:01.533795	-1.05	-9.74	0.05	4.18	-8.67	1.86	0.3	-9.35	-2.91	1.47	-9.69	0.04
11:15:01.543929	-1.05	-9.74	0.05	4.19	-8.66	1.8800000000000001	0.31	-9.35	-2.94	1.3900000000000001	-9.700000000000001	0.31
11:15:01.554028	-1.06	-9.74	0.04	4.21	-8.66	1.83	0.31	-9.35	-2.91	1.3900000000000001	-9.700000000000001	0.31
11:15:01.564681	-1.07	-9.74	0.04	4.24	-8.66	1.74	0.32	-9.38	-2.82	1.36	-9.700000000000001	0.31
11:15:01.574833	-1.08	-9.74	0.04	4.2700000000000005	-8.67	1.6500000000000001	0.32	-9.42	-2.69	1.37	-9.700000000000001	0.22
11:15:01.585489	-1.09	-9.74	0.04	4.29	-8.67	1.59	0.32	-9.46	-2.52	1.42	-9.700000000000001	-0.06
11:15:01.595580	-1.1	-9.74	0.04	4.3	-8.66	1.59	0.31	-9.51	-2.33	1.5	-9.68	-0.18
11:15:01.605708	-1.1	-9.74	0.04	4.29	-8.66	1.6400000000000001	0.31	-9.56	-2.12	1.68	-9.64	-0.51
11:15:01.615973	-1.11	-9.74	0.04	4.24	-8.65	1.78	0.33	-9.6	-1.96	1.93	-9.58	-0.71
11:15:01.626039	-1.11	-9.74	0.05	4.15	-8.67	1.9100000000000001	0.3	-9.61	-1.8800000000000001	2.18	-9.53	-0.73
11:15:01.636381	-1.1300000000000001	-9.74	0.07	4.0600000000000005	-8.700000000000001	1.96	0.2	-9.63	-1.81	2.18	-9.53	-0.73
11:15:01.646626	-1.1500000000000001	-9.73	0.1	3.97	-8.72	2.05	0.1	-9.66	-1.68	2.37	-9.43	-1.2
11:15:01.656780	-1.16	-9.73	0.12	3.91	-8.72	2.15	-0.01	-9.71	-1.34	2.09	-9.4	-1.82
11:15:01.666911	-1.17	-9.73	0.14	3.86	-8.73	2.21	-0.01	-9.71	-1.34	1.77	-9.31	-2.48
11:15:01.677040	-1.16	-9.73	0.15	3.83	-8.74	2.21	-0.04	-9.75	-1.03	1.77	-9.31	-2.48
11:15:01.687532	-1.1500000000000001	-9.73	0.16	3.81	-8.76	2.18	-0.04	-9.76	-0.86	1.76	-9.16	-2.99
11:15:01.697607	-1.1400000000000001	-9.73	0.17	3.77	-8.790000000000001	2.13	-0.05	-9.78	-0.7000000000000001	1.68	-9.16	-3.0500000000000003
11:15:01.707697	-1.1300000000000001	-9.73	0.18	3.69	-8.83	2.09	-0.05	-9.790000000000001	-0.54	1.68	-9.16	-3.0500000000000003
11:15:01.717821	-1.1	-9.74	0.23	3.58	-8.870000000000001	2.12	-0.03	-9.790000000000001	-0.38	1.68	-9.16	-3.0500000000000003
11:15:01.727917	-1.08	-9.74	0.25	3.43	-8.91	2.21	0.0	-9.8	-0.24	1.68	-9.16	-3.0500000000000003
11:15:01.738100	-1.05	-9.74	0.28	3.2600000000000002	-8.94	2.35	0.01	-9.8	-0.11	1.68	-9.16	-3.0500000000000003
11:15:01.748703	-1.02	-9.74	0.31	3.08	-8.96	2.52	0.04	-9.8	0.01	1.68	-9.16	-3.0500000000000003
11:15:01.758825	-0.99	-9.75	0.33	2.91	-8.97	2.65	0.05	-9.8	0.14	1.68	-9.16	-3.0500000000000003
11:15:01.768995	-0.97	-9.75	0.35000000000000003	2.7600000000000002	-9.0	2.72	0.05	-9.8	0.28	1.68	-9.16	-3.0500000000000003
11:15:01.779069	-0.96	-9.75	0.36	2.66	-9.03	2.71	0.04	-9.790000000000001	0.41000000000000003	1.68	-9.16	-3.0500000000000003
11:15:01.789379	-0.96	-9.75	0.36	2.58	-9.07	2.66	0.04	-9.790000000000001	0.41000000000000003	1.6400000000000001	-9.05	-3.38
11:15:01.799609	-0.9500000000000001	-9.75	0.37	2.52	-9.11	2.6	0.03	-9.790000000000001	0.54	1.76	-8.88	-3.7600000000000002
11:15:01.809716	-0.9500000000000001	-9.75	0.37	2.45	-9.14	2.54	0.02	-9.77	0.78	1.76	-8.88	-3.7600000000000002
11:15:01.819985	-0.96	-9.75	0.36	2.36	-9.17	2.52	0.02	-9.76	0.89	1.56	-8.91	-3.77
11:15:01.830058	-0.97	-9.75	0.35000000000000003	2.24	-9.200000000000001	2.5300000000000002	0.02	-9.75	0.99	1.55	-8.89	-3.83
11:15:01.840129	-0.97	-9.75	0.34	2.1	-9.22	2.58	0.02	-9.74	1.08	1.55	-8.86	-3.89
11:15:01.850260	-0.97	-9.75	0.33	1.94	-9.24	2.64	0.01	-9.73	1.1500000000000001	1.54	-8.84	-3.94
11:15:01.860375	-0.97	-9.75	0.32	1.76	-9.25	2.7	0.0	-9.73	1.21	1.55	-8.81	-3.99
11:15:01.870486	-0.96	-9.75	0.32	1.6	-9.26	2.7600000000000002	0.0	-9.72	1.26	1.6	-8.78	-4.05
11:15:01.880556	-0.96	-9.75	0.32	1.46	-9.27	2.81	0.0	-9.71	1.31	1.67	-8.74	-4.1
11:15:01.890623	-0.9500000000000001	-9.75	0.31	1.34	-9.28	2.85	-0.01	-9.71	1.37	1.74	-8.72	-4.12
11:15:01.900699	-0.93	-9.75	0.31	1.23	-9.290000000000001	2.88	0.0	-9.700000000000001	1.42	1.79	-8.71	-4.13
11:15:01.910786	-0.92	-9.75	0.3	1.1300000000000001	-9.290000000000001	2.91	0.0	-9.69	1.49	1.81	-8.69	-4.15
11:15:01.920913	-0.91	-9.75	0.29	1.03	-9.290000000000001	2.93	0.0	-9.68	1.55	1.81	-8.67	-4.19
11:15:01.930993	-0.89	-9.76	0.28	0.91	-9.3	2.96	0.0	-9.67	1.61	1.81	-8.65	-4.23
11:15:01.941064	-0.88	-9.76	0.26	0.79	-9.3	2.99	-0.01	-9.66	1.67	1.82	-8.63	-4.28
11:15:01.951131	-0.86	-9.76	0.25	0.67	-9.3	3.0300000000000002	-0.02	-9.65	1.74	1.85	-8.6	-4.32
11:15:01.961206	-0.85	-9.76	0.24	0.54	-9.290000000000001	3.06	-0.02	-9.63	1.8	1.8800000000000001	-8.58	-4.3500000000000005
11:15:01.971302	-0.84	-9.76	0.22	0.42	-9.290000000000001	3.1	-0.02	-9.620000000000001	1.87	1.9100000000000001	-8.56	-4.37
11:15:01.981380	-0.8300000000000001	-9.76	0.21	0.31	-9.28	3.14	-0.02	-9.61	1.95	1.94	-8.53	-4.41
11:15:01.991473	-0.8200000000000001	-9.76	0.21	0.2	-9.27	3.18	-0.02	-9.59	2.02	1.97	-8.51	-4.45
11:15:02.001600	-0.8200000000000001	-9.76	0.21	0.09	-9.26	3.21	-0.02	-9.59	2.02	1.97	-8.51	-4.45
11:15:02.011671	-0.8200000000000001	-9.77	0.2	-0.01	-9.25	3.25	-0.03	-9.55	2.19	2.02	-8.46	-4.51
11:15:02.021770	-0.81	-9.77	0.21	-0.11	-9.23	3.29	-0.04	-9.53	2.27	2.04	-8.44	-4.54
11:15:02.032421	-0.81	-9.76	0.22	-0.21	-9.22	3.33	-0.05	-9.51	2.36	2.06	-8.42	-4.57
11:15:02.042660	-0.8200000000000001	-9.76	0.23	-0.31	-9.200000000000001	3.36	-0.06	-9.49	2.46	1.99	-8.39	-4.66
11:15:02.052731	-0.8300000000000001	-9.76	0.24	-0.41000000000000003	-9.18	3.41	-0.07	-9.46	2.56	1.96	-8.35	-4.73
11:15:02.062799	-0.85	-9.76	0.25	-0.51	-9.16	3.45	-0.09	-9.43	2.66	1.96	-8.35	-4.73
11:15:02.072884	-0.86	-9.76	0.26	-0.62	-9.14	3.49	-0.11	-9.4	2.7800000000000002	2.0300000000000002	-8.28	-4.83
11:15:02.082956	-0.88	-9.76	0.28	-0.81	-9.1	3.54	-0.14	-9.36	2.89	2.09	-8.17	-4.99
11:15:02.093426	-0.9	-9.76	0.29	-0.81	-9.1	3.54	-0.17	-9.32	3.02	2.09	-8.17	-4.99
11:15:02.103819	-0.92	-9.75	0.3	-0.98	-9.08	3.5500000000000003	-0.2	-9.28	3.15	2.09	-8.17	-4.99
11:15:02.113919	-0.93	-9.75	0.31	-1.05	-9.08	3.54	-0.23	-9.23	3.3000000000000003	2.09	-8.1	-5.11
11:15:02.124722	-0.9500000000000001	-9.75	0.32	-1.12	-9.08	3.52	-0.26	-9.17	3.45	2.07	-7.94	-5.3500000000000005
11:15:02.135300	-0.97	-9.75	0.32	-1.18	-9.08	3.49	-0.28	-9.11	3.61	2.0300000000000002	-7.75	-5.65
11:15:02.145475	-0.98	-9.75	0.33	-1.23	-9.09	3.45	-0.31	-9.040000000000001	3.77	2.0300000000000002	-7.75	-5.65
11:15:02.155574	-1.0	-9.74	0.34	-1.27	-9.1	3.41	-0.34	-8.96	3.94	2.0300000000000002	-7.75	-5.65
11:15:02.165669	-1.01	-9.74	0.35000000000000003	-1.32	-9.11	3.36	-0.37	-8.88	4.12	1.92	-7.37	-6.17
11:15:02.175781	-1.03	-9.74	0.36	-1.35	-9.120000000000001	3.3200000000000003	-0.41000000000000003	-8.790000000000001	4.3	1.92	-7.37	-6.17
11:15:02.186345	-1.05	-9.74	0.37	-1.3800000000000001	-9.13	3.27	-0.46	-8.700000000000001	4.49	1.82	-7.05	-6.55
11:15:02.196435	-1.08	-9.73	0.37	-1.4000000000000001	-9.14	3.24	-0.54	-8.59	4.69	1.77	-6.88	-6.75
11:15:02.206509	-1.1	-9.73	0.37	-1.3900000000000001	-9.15	3.21	-0.63	-8.48	4.88	1.77	-6.69	-6.94
11:15:02.216583	-1.1300000000000001	-9.73	0.36	-1.37	-9.17	3.17	-0.72	-8.35	5.07	1.78	-6.48	-7.13
11:15:02.226661	-1.17	-9.73	0.33	-1.33	-9.200000000000001	3.1	-0.81	-8.22	5.28	1.78	-6.48	-7.13
11:15:02.236735	-1.21	-9.72	0.3	-1.27	-9.24	3.02	-0.9	-8.06	5.5	1.78	-6.48	-7.13
11:15:02.246809	-1.23	-9.72	0.28	-1.18	-9.28	2.91	-1.05	-7.890000000000001	5.72	0.9400000000000001	-5.7	-7.92
11:15:02.256878	-1.23	-9.72	0.26	-1.06	-9.33	2.79	-1.25	-7.7	5.93	0.9400000000000001	-5.7	-7.92
11:15:02.266980	-1.22	-9.72	0.26	-0.92	-9.39	2.64	-1.71	-7.3	6.3100000000000005	0.72	-5.17	-8.290000000000001
11:15:02.277077	-1.2	-9.72	0.25	-0.74	-9.450000000000001	2.5	-1.71	-7.3	6.3100000000000005	1.04	-4.8	-8.48
11:15:02.287515	-1.17	-9.73	0.23	-0.53	-9.49	2.38	-1.9100000000000001	-6.95	6.640000000000001	1.36	-4.4	-8.65
11:15:02.298025	-1.1400000000000001	-9.73	0.21	-0.3	-9.53	2.2800000000000002	-1.9100000000000001	-6.95	6.640000000000001	1.6600000000000001	-4.09	-8.75
11:15:02.308137	-1.11	-9.74	0.19	-0.05	-9.55	2.21	-1.97	-6.61	6.96	1.6600000000000001	-4.09	-8.75
11:15:02.318234	-1.08	-9.74	0.16	0.2	-9.55	2.17	-1.99	-6.49	7.07	1.6600000000000001	-4.09	-8.75
11:15:02.328369	-1.05	-9.74	0.13	0.45	-9.55	2.16	-1.93	-6.390000000000001	7.17	1.6600000000000001	-4.09	-8.75
11:15:02.338469	-1.02	-9.75	0.11	0.67	-9.540000000000001	2.15	-1.93	-6.390000000000001	7.17	0.33	-1.69	-9.65
11:15:02.348909	-0.99	-9.75	0.08	0.89	-9.52	2.14	-1.75	-6.21	7.37	-1.1300000000000001	-1.11	-9.67
11:15:02.358999	-0.98	-9.75	0.07	1.09	-9.51	2.11	-1.69	-6.15	7.44	-2.0100000000000002	-1.19	-9.52
11:15:02.369103	-0.9500000000000001	-9.75	0.06	1.31	-9.49	2.07	-1.6600000000000001	-6.15	7.45	-2.0100000000000002	-1.19	-9.52
11:15:02.379666	-0.9500000000000001	-9.75	0.06	1.53	-9.47	2.02	-1.6300000000000001	-6.2	7.41	-0.43	-2.13	-9.56
11:15:02.389764	-0.93	-9.76	0.07	1.77	-9.44	1.97	-1.57	-6.3	7.34	0.5	-2.63	-9.43
11:15:02.400212	-0.92	-9.76	0.08	2.0100000000000002	-9.4	1.9000000000000001	-1.48	-6.42	7.25	0.78	-3.04	-9.28
11:15:02.410312	-0.9	-9.76	0.09	2.2600000000000002	-9.36	1.85	-1.3900000000000001	-6.58	7.13	0.78	-3.04	-9.28
11:15:02.420386	-0.88	-9.76	0.09	2.49	-9.3	1.8	-1.27	-6.7700000000000005	6.97	0.78	-3.04	-9.28
11:15:02.430966	-0.86	-9.76	0.1	2.72	-9.24	1.78	-1.1500000000000001	-6.98	6.79	0.21	-3.64	-9.1
11:15:02.441108	-0.84	-9.76	0.11	2.93	-9.18	1.76	-1.02	-7.2	6.57	0.01	-4.04	-8.93
11:15:02.451246	-0.81	-9.77	0.12	3.13	-9.120000000000001	1.75	-0.9	-7.44	6.32	0.01	-4.04	-8.93
11:15:02.461314	-0.79	-9.77	0.13	3.3000000000000003	-9.06	1.74	-0.78	-7.69	6.03	0.01	-4.04	-8.93
11:15:02.471383	-0.77	-9.77	0.14	3.46	-9.01	1.71	-0.6900000000000001	-7.94	5.7	0.86	-5.15	-8.290000000000001
11:15:02.481462	-0.75	-9.77	0.15	3.61	-8.950000000000001	1.67	-0.6	-8.19	5.3500000000000005	1.23	-5.55	-7.98
11:15:02.491649	-0.73	-9.77	0.15	3.75	-8.91	1.62	-0.52	-8.44	4.96	1.4000000000000001	-6.0	-7.62
11:15:02.501773	-0.71	-9.77	0.16	3.86	-8.870000000000001	1.56	-0.45	-8.67	4.54	1.4000000000000001	-6.0	-7.62
11:15:02.512371	-0.6900000000000001	-9.78	0.17	3.97	-8.83	1.5	-0.4	-8.9	4.09	1.4000000000000001	-6.0	-7.62
11:15:02.522516	-0.68	-9.78	0.18	4.0600000000000005	-8.8	1.44	-0.35000000000000003	-9.1	3.61	1.43	-7.22	-6.47
11:15:02.532611	-0.67	-9.78	0.18	4.14	-8.77	1.4000000000000001	-0.3	-9.290000000000001	3.1	1.43	-7.22	-6.47
11:15:02.542728	-0.66	-9.78	0.19	4.2	-8.75	1.36	-0.24	-9.450000000000001	2.57	1.78	-7.88	-5.54
11:15:02.552850	-0.65	-9.78	0.19	4.3	-8.700000000000001	1.3900000000000001	-0.18	-9.59	2.0300000000000002	1.87	-8.18	-5.0600000000000005
11:15:02.563508	-0.65	-9.78	0.19	4.3	-8.700000000000001	1.3900000000000001	-0.1	-9.69	1.48	1.87	-8.44	-4.61
11:15:02.573846	-0.65	-9.78	0.18	4.33	-8.66	1.5	-0.02	-9.76	0.93	1.87	-8.44	-4.61
11:15:02.584587	-0.65	-9.78	0.17	4.32	-8.66	1.55	0.05	-9.790000000000001	0.4	1.83	-8.67	-4.19
11:15:02.594653	-0.65	-9.78	0.16	4.3	-8.66	1.6	0.13	-9.8	-0.12	1.69	-9.09	-3.24
11:15:02.604726	-0.66	-9.78	0.15	4.2700000000000005	-8.66	1.6500000000000001	0.19	-9.78	-0.61	1.69	-9.09	-3.24
11:15:02.614797	-0.67	-9.78	0.13	4.23	-8.67	1.72	0.24	-9.74	-1.09	1.69	-9.09	-3.24
11:15:02.624865	-0.6900000000000001	-9.78	0.11	4.18	-8.69	1.78	0.28	-9.67	-1.54	1.69	-9.09	-3.24
11:15:02.634992	-0.7000000000000001	-9.78	0.09	4.12	-8.700000000000001	1.83	0.32	-9.6	-1.96	1.69	-9.09	-3.24
11:15:02.645054	-0.72	-9.77	0.07	4.08	-8.71	1.86	0.37	-9.51	-2.32	1.69	-9.09	-3.24
11:15:02.655130	-0.73	-9.77	0.05	4.05	-8.72	1.8800000000000001	0.41000000000000003	-9.43	-2.64	1.69	-9.09	-3.24
11:15:02.665225	-0.75	-9.77	0.03	4.03	-8.73	1.9100000000000001	0.45	-9.35	-2.89	1.69	-9.09	-3.24
11:15:02.675334	-0.77	-9.77	0.01	4.0200000000000005	-8.72	1.95	0.49	-9.3	-3.06	1.69	-9.09	-3.24
11:15:02.685578	-0.79	-9.77	0.0	4.0200000000000005	-8.71	1.99	0.53	-9.26	-3.17	1.3900000000000001	-9.620000000000001	-1.27
11:15:02.695663	-0.8	-9.77	0.0	4.0200000000000005	-8.71	1.99	0.56	-9.25	-3.2	1.08	-9.74	-0.02
11:15:02.705782	-0.8200000000000001	-9.77	-0.01	4.07	-8.700000000000001	1.97	0.58	-9.26	-3.17	1.08	-9.74	-0.02
11:15:02.716220	-0.8300000000000001	-9.77	-0.01	4.11	-8.69	1.9000000000000001	0.58	-9.290000000000001	-3.0700000000000003	1.08	-9.74	-0.02
11:15:02.726347	-0.84	-9.77	-0.02	4.16	-8.68	1.84	0.58	-9.34	-2.92	1.08	-9.74	-0.02
11:15:02.736431	-0.85	-9.76	-0.02	4.21	-8.67	1.79	0.56	-9.4	-2.73	1.08	-9.74	-0.02
11:15:02.746497	-0.87	-9.76	-0.03	4.25	-8.65	1.78	0.56	-9.46	-2.52	1.08	-9.74	-0.02
11:15:02.756569	-0.88	-9.76	-0.03	4.26	-8.63	1.87	0.59	-9.5	-2.33	1.08	-9.74	-0.02
11:15:02.766742	-0.9	-9.76	-0.03	4.21	-8.61	2.0300000000000002	0.6	-9.53	-2.23	1.28	-9.700000000000001	-0.61
11:15:02.777424	-0.93	-9.76	-0.01	4.13	-8.63	2.11	0.5	-9.55	-2.15	2.12	-9.44	-1.54
11:15:02.787634	-0.97	-9.75	0.01	4.0600000000000005	-8.64	2.2	0.28	-9.63	-1.8	1.94	-9.370000000000001	-2.1
11:15:02.797698	-1.0	-9.75	0.04	4.01	-8.63	2.32	0.23	-9.67	-1.61	1.94	-9.370000000000001	-2.1
11:15:02.808050	-1.02	-9.75	0.06	3.99	-8.620000000000001	2.39	0.21	-9.69	-1.44	1.42	-9.11	-3.31
11:15:02.818118	-1.03	-9.75	0.08	3.98	-8.63	2.39	0.2	-9.72	-1.27	1.42	-9.11	-3.31
11:15:02.828222	-1.03	-9.75	0.08	3.97	-8.66	2.31	0.2	-9.74	-1.09	1.24	-8.96	-3.77
11:15:02.838349	-1.02	-9.75	0.08	3.95	-8.69	2.21	0.19	-9.76	-0.92	1.08	-8.96	-3.8200000000000003
11:15:02.848999	-1.02	-9.75	0.09	3.88	-8.74	2.16	0.19	-9.77	-0.75	0.9500000000000001	-9.02	-3.7
11:15:02.859066	-1.02	-9.75	0.11	3.75	-8.78	2.21	0.19	-9.78	-0.6	0.85	-9.11	-3.52
11:15:02.869171	-1.01	-9.75	0.13	3.58	-8.82	2.34	0.22	-9.790000000000001	-0.46	0.8300000000000001	-9.13	-3.45
11:15:02.879275	-1.0	-9.75	0.16	3.4	-8.84	2.5	0.25	-9.790000000000001	-0.34	0.92	-9.1	-3.52
11:15:02.889415	-0.9500000000000001	-9.75	0.2	3.19	-8.870000000000001	2.69	0.25	-9.790000000000001	-0.34	1.1	-9.02	-3.67
11:15:02.899518	-0.9500000000000001	-9.75	0.2	2.99	-8.89	2.84	0.25	-9.790000000000001	-0.34	1.1	-9.02	-3.67
11:15:02.909672	-0.93	-9.75	0.21	2.82	-8.92	2.91	0.3	-9.8	0.01	1.42	-8.84	-3.99
11:15:02.919792	-0.89	-9.76	0.22	2.69	-8.96	2.91	0.29	-9.8	0.13	1.36	-8.78	-4.14
11:15:02.930286	-0.88	-9.76	0.22	2.61	-9.0	2.86	0.27	-9.790000000000001	0.24	1.23	-8.75	-4.24
11:15:02.940560	-0.88	-9.76	0.22	2.5500000000000003	-9.040000000000001	2.7800000000000002	0.26	-9.790000000000001	0.35000000000000003	1.23	-8.75	-4.24
11:15:02.950628	-0.87	-9.76	0.2	2.49	-9.08	2.7	0.25	-9.790000000000001	0.46	1.08	-8.790000000000001	-4.2
11:15:02.960697	-0.87	-9.76	0.19	2.41	-9.120000000000001	2.66	0.25	-9.78	0.5700000000000001	1.05	-8.8	-4.18
11:15:02.970770	-0.87	-9.76	0.18	2.3000000000000003	-9.14	2.67	0.24	-9.78	0.67	1.05	-8.8	-4.19
11:15:02.980874	-0.87	-9.76	0.17	2.16	-9.17	2.71	0.24	-9.77	0.75	1.05	-8.8	-4.19
11:15:02.990992	-0.86	-9.76	0.17	1.99	-9.19	2.7600000000000002	0.24	-9.77	0.75	0.98	-8.75	-4.3
11:15:03.001112	-0.85	-9.76	0.16	1.81	-9.21	2.82	0.22	-9.76	0.91	0.98	-8.71	-4.38
11:15:03.011231	-0.8300000000000001	-9.76	0.17	1.6300000000000001	-9.22	2.88	0.2	-9.75	0.97	0.98	-8.71	-4.38
11:15:03.021334	-0.8200000000000001	-9.77	0.17	1.48	-9.23	2.94	0.18	-9.74	1.04	1.1300000000000001	-8.63	-4.51
11:15:03.031998	-0.8	-9.77	0.17	1.35	-9.24	2.98	0.17	-9.74	1.1	1.19	-8.63	-4.49
11:15:03.042082	-0.78	-9.77	0.17	1.24	-9.25	3.0	0.16	-9.73	1.16	1.21	-8.620000000000001	-4.49
11:15:03.052158	-0.77	-9.77	0.17	1.1400000000000001	-9.25	3.0300000000000002	0.16	-9.73	1.16	1.2	-8.6	-4.54
11:15:03.062230	-0.75	-9.77	0.17	1.03	-9.25	3.06	0.16	-9.72	1.23	1.18	-8.57	-4.6000000000000005
11:15:03.072308	-0.74	-9.77	0.16	0.92	-9.26	3.08	0.15	-9.71	1.3	1.16	-8.55	-4.64
11:15:03.082381	-0.72	-9.77	0.16	0.79	-9.26	3.12	0.14	-9.700000000000001	1.37	1.18	-8.53	-4.67
11:15:03.092467	-0.71	-9.77	0.16	0.65	-9.25	3.17	0.12	-9.69	1.44	1.23	-8.51	-4.7
11:15:03.102555	-0.71	-9.77	0.16	0.52	-9.24	3.21	0.11	-9.68	1.51	1.3	-8.49	-4.73
11:15:03.112644	-0.6900000000000001	-9.78	0.15	0.38	-9.24	3.2600000000000002	0.09	-9.67	1.59	1.35	-8.46	-4.75
11:15:03.122761	-0.6900000000000001	-9.78	0.15	0.26	-9.23	3.29	0.08	-9.66	1.67	1.35	-8.46	-4.75
11:15:03.133240	-0.68	-9.78	0.15	0.14	-9.22	3.33	0.06	-9.64	1.75	1.3800000000000001	-8.41	-4.84
11:15:03.143338	-0.67	-9.78	0.16	-0.07	-9.200000000000001	3.38	0.05	-9.63	1.84	1.3900000000000001	-8.39	-4.88
11:15:03.154058	-0.67	-9.78	0.16	-0.18	-9.19	3.41	0.03	-9.61	1.93	1.45	-8.33	-4.95
11:15:03.164160	-0.66	-9.78	0.17	-0.28	-9.18	3.43	0.02	-9.59	2.02	1.46	-8.31	-4.99
11:15:03.174772	-0.66	-9.78	0.18	-0.39	-9.16	3.46	0.01	-9.57	2.11	1.34	-8.28	-5.07
11:15:03.184846	-0.66	-9.78	0.2	-0.49	-9.14	3.49	0.0	-9.55	2.21	1.34	-8.25	-5.12
11:15:03.194996	-0.66	-9.78	0.2	-0.59	-9.120000000000001	3.5300000000000002	0.0	-9.52	2.32	1.41	-8.21	-5.16
11:15:03.205068	-0.66	-9.78	0.21	-0.6900000000000001	-9.1	3.5700000000000003	0.0	-9.5	2.42	1.48	-8.17	-5.21
11:15:03.215159	-0.66	-9.78	0.23	-0.78	-9.08	3.6	-0.01	-9.47	2.5300000000000002	1.51	-8.120000000000001	-5.2700000000000005
11:15:03.225228	-0.65	-9.78	0.24	-0.87	-9.06	3.63	-0.03	-9.44	2.64	1.55	-8.06	-5.3500000000000005
11:15:03.235330	-0.65	-9.78	0.26	-0.9500000000000001	-9.05	3.64	-0.05	-9.4	2.7600000000000002	1.58	-7.99	-5.45
11:15:03.245798	-0.64	-9.78	0.27	-1.03	-9.040000000000001	3.64	-0.08	-9.370000000000001	2.88	1.58	-7.99	-5.45
11:15:03.255866	-0.63	-9.78	0.29	-1.1	-9.03	3.63	-0.1	-9.33	3.0100000000000002	1.58	-7.99	-5.45
11:15:03.265957	-0.63	-9.78	0.3	-1.18	-9.03	3.62	-0.13	-9.28	3.15	1.59	-7.74	-5.79
11:15:03.276053	-0.62	-9.78	0.3	-1.24	-9.03	3.59	-0.16	-9.23	3.29	1.57	-7.640000000000001	-5.93
11:15:03.286659	-0.62	-9.78	0.31	-1.31	-9.03	3.5700000000000003	-0.19	-9.18	3.44	1.56	-7.53	-6.08
11:15:03.297099	-0.62	-9.78	0.32	-1.36	-9.040000000000001	3.5300000000000002	-0.22	-9.11	3.59	1.55	-7.41	-6.23
11:15:03.307190	-0.62	-9.78	0.33	-1.41	-9.040000000000001	3.5	-0.25	-9.05	3.7600000000000002	1.53	-7.2700000000000005	-6.390000000000001
11:15:03.317315	-0.62	-9.78	0.34	-1.44	-9.05	3.47	-0.33	-8.89	4.12	1.5	-7.12	-6.5600000000000005
11:15:03.327432	-0.63	-9.77	0.35000000000000003	-1.46	-9.06	3.44	-0.38	-8.790000000000001	4.3100000000000005	1.52	-6.96	-6.73
11:15:03.337610	-0.63	-9.77	0.36	-1.46	-9.07	3.41	-0.46	-8.69	4.51	1.57	-6.7700000000000005	-6.91
11:15:03.348088	-0.62	-9.77	0.37	-1.45	-9.08	3.38	-0.54	-8.58	4.71	1.43	-6.55	-7.15
11:15:03.358193	-0.62	-9.77	0.36	-1.42	-9.11	3.33	-0.59	-8.45	4.93	1.1400000000000001	-6.3	-7.42
11:15:03.368358	-0.63	-9.78	0.33	-1.37	-9.14	3.2600000000000002	-0.65	-8.31	5.16	0.92	-6.04	-7.66
11:15:03.378508	-0.64	-9.78	0.29	-1.3	-9.18	3.16	-0.73	-8.15	5.4	0.79	-5.73	-7.91
11:15:03.388639	-0.64	-9.78	0.26	-1.21	-9.24	3.04	-0.88	-7.96	5.64	0.79	-5.4	-8.14
11:15:03.399181	-0.63	-9.78	0.24	-1.09	-9.290000000000001	2.91	-1.08	-7.7700000000000005	5.88	0.9400000000000001	-5.1000000000000005	-8.32
11:15:03.409281	-0.6	-9.78	0.23	-0.9500000000000001	-9.36	2.7600000000000002	-1.31	-7.5600000000000005	6.09	1.1500000000000001	-4.74	-8.5
11:15:03.419348	-0.56	-9.78	0.22	-0.78	-9.42	2.6	-1.54	-7.3500000000000005	6.3	1.19	-4.3	-8.73
11:15:03.429424	-0.52	-9.790000000000001	0.2	-0.58	-9.47	2.47	-1.71	-7.15	6.48	1.1	-3.8200000000000003	-8.96
11:15:03.439602	-0.44	-9.790000000000001	0.18	-0.35000000000000003	-9.5	2.38	-1.78	-7.0	6.62	1.09	-3.33	-9.15
11:15:03.449743	-0.4	-9.790000000000001	0.17	-0.11	-9.52	2.32	-1.81	-6.88	6.74	1.0	-2.83	-9.33
11:15:03.460409	-0.36	-9.790000000000001	0.16	0.13	-9.53	2.2800000000000002	-1.81	-6.7700000000000005	6.8500000000000005	0.54	-2.29	-9.51
11:15:03.470479	-0.32	-9.8	0.15	0.37	-9.53	2.2600000000000002	-1.77	-6.66	6.97	-0.51	-1.77	-9.63
11:15:03.480590	-0.32	-9.8	0.15	0.58	-9.52	2.2600000000000002	-1.77	-6.66	6.97	-1.77	-1.6400000000000001	-9.5
11:15:03.490666	-0.26	-9.8	0.12	0.77	-9.5	2.27	-1.59	-6.46	7.19	-2.04	-1.96	-9.38
11:15:03.500785	-0.24	-9.8	0.1	0.96	-9.49	2.27	-1.51	-6.390000000000001	7.2700000000000005	-1.44	-2.21	-9.44
11:15:03.510851	-0.23	-9.8	0.09	1.16	-9.47	2.23	-1.44	-6.37	7.3	-0.54	-2.47	-9.47
11:15:03.521337	-0.23	-9.8	0.09	1.37	-9.450000000000001	2.19	-1.44	-6.37	7.3	0.13	-2.77	-9.4
11:15:03.531473	-0.22	-9.8	0.09	1.6	-9.44	2.11	-1.3800000000000001	-6.41	7.28	0.25	-3.09	-9.3
11:15:03.541548	-0.21	-9.8	0.08	1.83	-9.42	2.0100000000000002	-1.23	-6.59	7.15	0.21	-3.34	-9.21
11:15:03.551917	-0.19	-9.8	0.08	2.06	-9.39	1.9100000000000001	-1.1400000000000001	-6.73	7.03	0.18	-3.5700000000000003	-9.13
11:15:03.561989	-0.18	-9.8	0.08	2.29	-9.35	1.82	-1.04	-6.890000000000001	6.890000000000001	0.08	-3.87	-9.0
11:15:03.572067	-0.16	-9.8	0.08	2.5100000000000002	-9.31	1.76	-0.9400000000000001	-7.08	6.71	0.09	-4.2	-8.85
11:15:03.582195	-0.14	-9.8	0.08	2.71	-9.26	1.72	-0.8300000000000001	-7.29	6.5	0.35000000000000003	-4.51	-8.69
11:15:03.592262	-0.12	-9.8	0.08	2.89	-9.21	1.69	-0.74	-7.5	6.26	0.68	-4.86	-8.48
11:15:03.602346	-0.1	-9.8	0.08	3.06	-9.16	1.6600000000000001	-0.67	-7.73	5.99	1.0	-5.22	-8.23
11:15:03.612410	-0.08	-9.8	0.09	3.22	-9.11	1.6300000000000001	-0.62	-7.96	5.68	1.21	-5.61	-7.94
11:15:03.622485	-0.07	-9.8	0.09	3.37	-9.06	1.58	-0.58	-8.2	5.34	1.29	-6.0	-7.640000000000001
11:15:03.632554	-0.06	-9.8	0.09	3.5100000000000002	-9.02	1.52	-0.54	-8.43	4.98	1.34	-6.36	-7.33
11:15:03.642624	-0.05	-9.8	0.1	3.64	-8.98	1.44	-0.5	-8.65	4.58	1.41	-6.73	-6.98
11:15:03.652730	-0.05	-9.8	0.1	3.77	-8.94	1.37	-0.46	-8.86	4.17	1.53	-7.07	-6.6000000000000005
11:15:03.662798	-0.04	-9.8	0.1	3.88	-8.91	1.29	-0.42	-9.05	3.72	1.69	-7.4	-6.2
11:15:03.672965	-0.05	-9.8	0.13	3.97	-8.870000000000001	1.24	-0.38	-9.24	3.2600000000000002	1.81	-7.72	-5.75
11:15:03.683051	-0.04	-9.8	0.13	4.0600000000000005	-8.83	1.24	-0.33	-9.39	2.77	1.8900000000000001	-8.31	-4.84
11:15:03.693121	-0.04	-9.8	0.13	4.12	-8.8	1.28	-0.27	-9.53	2.27	1.8900000000000001	-8.31	-4.84
11:15:03.703204	-0.03	-9.8	0.13	4.21	-8.73	1.42	-0.21	-9.64	1.75	1.84	-8.57	-4.38
11:15:03.713316	-0.03	-9.8	0.12	4.23	-8.71	1.5	-0.13	-9.72	1.22	1.78	-8.8	-3.93
11:15:03.723956	-0.03	-9.8	0.12	4.24	-8.700000000000001	1.57	-0.06	-9.78	0.6900000000000001	1.75	-8.99	-3.48
11:15:03.734052	-0.03	-9.8	0.11	4.22	-8.69	1.6500000000000001	0.01	-9.8	0.17	1.73	-9.17	-2.99
11:15:03.744141	-0.04	-9.8	0.1	4.19	-8.69	1.71	0.09	-9.8	-0.34	1.56	-9.46	-2.0100000000000002
11:15:03.754291	-0.06	-9.8	0.08	4.15	-8.700000000000001	1.76	0.16	-9.76	-0.8300000000000001	1.5	-9.56	-1.58
11:15:03.764856	-0.08	-9.8	0.07	4.11	-8.71	1.79	0.23	-9.71	-1.3	1.46	-9.61	-1.23
11:15:03.774924	-0.1	-9.8	0.05	4.07	-8.73	1.8	0.31	-9.64	-1.73	1.42	-9.66	-0.9
11:15:03.785001	-0.13	-9.8	0.03	4.03	-8.75	1.8	0.38	-9.56	-2.13	1.37	-9.68	-0.62
11:15:03.795124	-0.16	-9.8	0.02	4.0	-8.76	1.8	0.44	-9.48	-2.46	1.37	-9.68	-0.62
11:15:03.805427	-0.19	-9.8	0.0	4.0	-8.76	1.8	0.44	-9.48	-2.46	1.37	-9.68	-0.62
11:15:03.815539	-0.22	-9.8	0.0	3.97	-8.75	1.9100000000000001	0.53	-9.33	-2.94	1.19	-9.73	-0.19
11:15:03.825861	-0.25	-9.8	-0.01	3.97	-8.74	1.98	0.55	-9.290000000000001	-3.06	1.17	-9.73	-0.18
11:15:03.835932	-0.27	-9.8	-0.02	3.99	-8.72	2.0	0.56	-9.28	-3.11	1.17	-9.73	-0.24
11:15:03.846007	-0.3	-9.8	-0.03	4.03	-8.71	1.98	0.55	-9.28	-3.09	1.2	-9.72	-0.35000000000000003
11:15:03.856090	-0.32	-9.8	-0.04	4.09	-8.700000000000001	1.9100000000000001	0.53	-9.31	-3.0	1.31	-9.700000000000001	-0.41000000000000003
11:15:03.866161	-0.34	-9.8	-0.05	4.15	-8.69	1.84	0.51	-9.36	-2.85	1.53	-9.66	-0.62
11:15:03.876240	-0.36	-9.790000000000001	-0.06	4.2	-8.67	1.8	0.49	-9.42	-2.66	1.77	-9.6	-0.8300000000000001
11:15:03.886750	-0.38	-9.790000000000001	-0.06	4.21	-8.65	1.8900000000000001	0.55	-9.5	-2.32	1.98	-9.53	-1.16
11:15:03.896853	-0.39	-9.790000000000001	-0.06	4.17	-8.65	1.97	0.55	-9.5	-2.32	2.2600000000000002	-9.39	-1.67
11:15:03.906996	-0.42	-9.790000000000001	-0.04	4.14	-8.65	2.0100000000000002	0.33	-9.59	-2.0100000000000002	2.16	-9.32	-2.13
11:15:03.917095	-0.47000000000000003	-9.790000000000001	-0.01	4.13	-8.63	2.11	0.21	-9.63	-1.79	1.92	-9.22	-2.7
11:15:03.927708	-0.5	-9.790000000000001	0.01	4.13	-8.6	2.21	0.13	-9.67	-1.56	1.6300000000000001	-9.08	-3.29
11:15:03.937851	-0.53	-9.790000000000001	0.06	4.13	-8.61	2.2	0.09	-9.71	-1.36	1.4000000000000001	-8.97	-3.68
11:15:03.947962	-0.53	-9.790000000000001	0.07	4.13	-8.64	2.08	0.08	-9.73	-1.16	1.31	-8.89	-3.91
11:15:03.958044	-0.53	-9.790000000000001	0.08	4.11	-8.67	1.97	0.07	-9.75	-0.9500000000000001	1.22	-8.88	-3.97
11:15:03.968711	-0.53	-9.790000000000001	0.09	4.05	-8.71	1.95	0.05	-9.77	-0.75	1.08	-8.97	-3.8000000000000003
11:15:03.978861	-0.53	-9.790000000000001	0.11	3.95	-8.74	2.0	0.05	-9.78	-0.5700000000000001	1.03	-9.05	-3.6
11:15:03.989028	-0.52	-9.790000000000001	0.12	3.81	-8.77	2.13	0.06	-9.790000000000001	-0.4	1.09	-9.06	-3.5700000000000003
11:15:03.999713	-0.5	-9.790000000000001	0.13	3.64	-8.8	2.31	0.09	-9.8	-0.25	1.18	-9.0	-3.7
11:15:04.009798	-0.48	-9.790000000000001	0.14	3.44	-8.83	2.5100000000000002	0.12	-9.8	-0.11	1.34	-8.9	-3.88
11:15:04.019872	-0.45	-9.790000000000001	0.15	3.24	-8.85	2.68	0.14	-9.8	0.02	1.55	-8.790000000000001	-4.04
11:15:04.029943	-0.43	-9.790000000000001	0.16	3.06	-8.89	2.7800000000000002	0.14	-9.8	0.15	1.6400000000000001	-8.71	-4.18
11:15:04.040010	-0.42	-9.790000000000001	0.16	2.92	-8.93	2.79	0.13	-9.8	0.27	1.58	-8.63	-4.37
11:15:04.050084	-0.41000000000000003	-9.790000000000001	0.16	2.82	-8.97	2.75	0.12	-9.790000000000001	0.39	1.41	-8.6	-4.49
11:15:04.060165	-0.41000000000000003	-9.790000000000001	0.15	2.75	-9.02	2.67	0.1	-9.790000000000001	0.52	1.26	-8.65	-4.43
11:15:04.070283	-0.41000000000000003	-9.790000000000001	0.14	2.68	-9.07	2.58	0.09	-9.78	0.64	1.1400000000000001	-8.72	-4.33
11:15:04.080362	-0.41000000000000003	-9.790000000000001	0.14	2.58	-9.11	2.52	0.08	-9.77	0.75	1.05	-8.75	-4.29
11:15:04.090433	-0.42	-9.790000000000001	0.13	2.45	-9.15	2.5100000000000002	0.08	-9.76	0.86	1.05	-8.72	-4.3500000000000005
11:15:04.100885	-0.42	-9.790000000000001	0.12	2.3000000000000003	-9.19	2.5300000000000002	0.09	-9.75	0.96	1.05	-8.72	-4.3500000000000005
11:15:04.111301	-0.42	-9.790000000000001	0.12	2.13	-9.21	2.57	0.08	-9.75	1.04	1.16	-8.55	-4.65
11:15:04.121397	-0.42	-9.790000000000001	0.12	1.95	-9.24	2.62	0.06	-9.74	1.12	1.26	-8.49	-4.72
11:15:04.131475	-0.41000000000000003	-9.790000000000001	0.11	1.77	-9.26	2.68	0.04	-9.73	1.19	1.34	-8.48	-4.72
11:15:04.141547	-0.4	-9.790000000000001	0.11	1.61	-9.28	2.72	0.03	-9.72	1.25	1.41	-8.49	-4.68
11:15:04.151620	-0.39	-9.790000000000001	0.11	1.48	-9.290000000000001	2.74	0.02	-9.71	1.32	1.47	-8.48	-4.68
11:15:04.161702	-0.38	-9.790000000000001	0.1	1.36	-9.3	2.77	0.01	-9.700000000000001	1.3900000000000001	1.48	-8.44	-4.76
11:15:04.171768	-0.37	-9.790000000000001	0.1	1.25	-9.31	2.79	0.01	-9.69	1.46	1.44	-8.4	-4.83
11:15:04.181842	-0.36	-9.790000000000001	0.1	1.1300000000000001	-9.32	2.81	0.0	-9.68	1.53	1.4000000000000001	-8.38	-4.88
11:15:04.191916	-0.35000000000000003	-9.790000000000001	0.1	1.0	-9.33	2.84	0.0	-9.67	1.59	1.4000000000000001	-8.36	-4.91
11:15:04.202039	-0.34	-9.790000000000001	0.1	0.86	-9.33	2.87	-0.02	-9.66	1.6600000000000001	1.4000000000000001	-8.36	-4.91
11:15:04.212122	-0.33	-9.8	0.09	0.71	-9.33	2.91	-0.04	-9.65	1.72	1.57	-8.32	-4.94
11:15:04.222187	-0.32	-9.8	0.09	0.5700000000000001	-9.33	2.95	-0.05	-9.64	1.78	1.6500000000000001	-8.3	-4.95
11:15:04.232260	-0.32	-9.8	0.09	0.43	-9.32	2.99	-0.07	-9.63	1.84	1.69	-8.27	-4.97
11:15:04.242330	-0.31	-9.8	0.09	0.3	-9.32	3.02	-0.08	-9.61	1.9000000000000001	1.6500000000000001	-8.25	-5.0200000000000005
11:15:04.252402	-0.3	-9.8	0.09	0.17	-9.31	3.0500000000000003	-0.08	-9.6	1.96	1.53	-8.24	-5.07
11:15:04.262485	-0.3	-9.8	0.1	0.04	-9.31	3.0700000000000003	-0.08	-9.59	2.0300000000000002	1.5	-8.22	-5.11
11:15:04.272568	-0.3	-9.8	0.11	-0.06	-9.3	3.1	-0.08	-9.58	2.08	1.54	-8.19	-5.15
11:15:04.282640	-0.3	-9.8	0.13	-0.18	-9.28	3.14	-0.09	-9.56	2.15	1.6300000000000001	-8.16	-5.17
11:15:04.292728	-0.3	-9.8	0.14	-0.29	-9.27	3.18	-0.1	-9.55	2.21	1.71	-8.13	-5.19
11:15:04.302840	-0.31	-9.8	0.16	-0.4	-9.24	3.23	-0.11	-9.53	2.2800000000000002	1.71	-8.13	-5.19
11:15:04.312958	-0.32	-9.790000000000001	0.18	-0.5	-9.22	3.2800000000000002	-0.13	-9.51	2.36	1.82	-8.040000000000001	-5.29
11:15:04.323026	-0.34	-9.790000000000001	0.2	-0.61	-9.200000000000001	3.3200000000000003	-0.16	-9.49	2.45	1.83	-7.98	-5.38
11:15:04.333191	-0.36	-9.790000000000001	0.22	-0.72	-9.18	3.36	-0.19	-9.46	2.54	1.84	-7.930000000000001	-5.46
11:15:04.343316	-0.38	-9.790000000000001	0.24	-0.9400000000000001	-9.14	3.4	-0.22	-9.44	2.64	1.85	-7.86	-5.54
11:15:04.353420	-0.4	-9.790000000000001	0.26	-1.04	-9.13	3.41	-0.25	-9.4	2.75	1.82	-7.71	-5.76
11:15:04.363546	-0.42	-9.790000000000001	0.27	-1.12	-9.120000000000001	3.41	-0.29	-9.370000000000001	2.87	1.8	-7.62	-5.89
11:15:04.373614	-0.44	-9.790000000000001	0.29	-1.19	-9.11	3.42	-0.32	-9.32	3.0	1.78	-7.5200000000000005	-6.0200000000000005
11:15:04.384053	-0.45	-9.790000000000001	0.3	-1.19	-9.11	3.42	-0.35000000000000003	-9.27	3.15	1.76	-7.41	-6.16
11:15:04.394231	-0.46	-9.790000000000001	0.31	-1.28	-9.1	3.41	-0.38	-9.22	3.3000000000000003	1.76	-7.41	-6.16
11:15:04.404356	-0.47000000000000003	-9.78	0.33	-1.28	-9.1	3.41	-0.38	-9.22	3.3000000000000003	1.76	-7.41	-6.16
11:15:04.414482	-0.47000000000000003	-9.78	0.33	-1.31	-9.1	3.38	-0.41000000000000003	-9.16	3.47	1.68	-7.15	-6.48
11:15:04.424608	-0.5	-9.78	0.36	-1.33	-9.11	3.35	-0.48	-9.0	3.84	1.6300000000000001	-7.0	-6.66
11:15:04.434682	-0.51	-9.78	0.37	-1.33	-9.15	3.2600000000000002	-0.52	-8.91	4.04	1.6	-6.65	-7.01
11:15:04.445006	-0.53	-9.78	0.39	-1.3	-9.16	3.22	-0.58	-8.81	4.25	1.69	-6.45	-7.18
11:15:04.455115	-0.54	-9.78	0.39	-1.26	-9.19	3.16	-0.65	-8.700000000000001	4.46	1.61	-6.23	-7.390000000000001
11:15:04.465249	-0.5700000000000001	-9.78	0.37	-1.19	-9.23	3.08	-0.72	-8.58	4.68	1.31	-5.97	-7.66
11:15:04.475383	-0.6	-9.78	0.34	-1.1	-9.27	2.97	-0.78	-8.44	4.92	0.98	-5.7	-7.91
11:15:04.485830	-0.63	-9.78	0.3	-0.99	-9.33	2.85	-0.84	-8.290000000000001	5.16	0.67	-5.45	-8.120000000000001
11:15:04.495903	-0.65	-9.78	0.28	-0.86	-9.38	2.7	-1.08	-7.930000000000001	5.66	0.67	-5.45	-8.120000000000001
11:15:04.506054	-0.65	-9.78	0.27	-0.6900000000000001	-9.44	2.5300000000000002	-1.08	-7.930000000000001	5.66	0.59	-4.8	-8.52
11:15:04.516193	-0.63	-9.78	0.26	-0.5	-9.5	2.36	-1.58	-7.51	6.1000000000000005	0.96	-4.44	-8.68
11:15:04.526309	-0.61	-9.78	0.26	-0.29	-9.540000000000001	2.23	-1.81	-7.3	6.28	1.35	-4.03	-8.83
11:15:04.536904	-0.59	-9.78	0.25	-0.04	-9.57	2.13	-1.94	-7.12	6.44	1.75	-3.61	-8.94
11:15:04.546974	-0.56	-9.78	0.23	0.21	-9.58	2.05	-2.0	-6.97	6.59	1.93	-3.27	-9.03
11:15:04.557067	-0.53	-9.78	0.22	0.49	-9.58	2.0100000000000002	-2.04	-6.8100000000000005	6.75	1.79	-2.79	-9.22
11:15:04.567206	-0.49	-9.790000000000001	0.2	0.74	-9.56	2.02	-2.06	-6.68	6.87	1.27	-1.98	-9.51
11:15:04.577277	-0.45	-9.790000000000001	0.18	0.96	-9.53	2.06	-2.0100000000000002	-6.57	6.99	0.17	-1.17	-9.73
11:15:04.587379	-0.4	-9.790000000000001	0.14	1.16	-9.51	2.09	-1.9000000000000001	-6.47	7.11	-1.16	-0.76	-9.700000000000001
11:15:04.597879	-0.4	-9.790000000000001	0.14	1.36	-9.48	2.09	-1.9000000000000001	-6.47	7.11	-1.16	-0.76	-9.700000000000001
11:15:04.608005	-0.38	-9.790000000000001	0.13	1.36	-9.48	2.09	-1.8	-6.390000000000001	7.21	-1.16	-0.76	-9.700000000000001
11:15:04.618432	-0.37	-9.790000000000001	0.12	1.57	-9.450000000000001	2.07	-1.72	-6.34	7.2700000000000005	-1.57	-1.59	-9.540000000000001
11:15:04.628544	-0.37	-9.790000000000001	0.12	2.0300000000000002	-9.39	1.96	-1.67	-6.34	7.28	-0.8200000000000001	-2.06	-9.55
11:15:04.638618	-0.36	-9.790000000000001	0.13	2.27	-9.35	1.87	-1.61	-6.4	7.25	-0.8200000000000001	-2.06	-9.55
11:15:04.649031	-0.35000000000000003	-9.790000000000001	0.14	2.5100000000000002	-9.3	1.8	-1.44	-6.62	7.08	-0.8200000000000001	-2.06	-9.55
11:15:04.659104	-0.34	-9.790000000000001	0.15	2.75	-9.24	1.75	-1.34	-6.78	6.95	-0.8200000000000001	-2.06	-9.55
11:15:04.669557	-0.34	-9.790000000000001	0.15	2.97	-9.18	1.72	-1.23	-6.97	6.78	-0.03	-3.8200000000000003	-9.03
11:15:04.679622	-0.3	-9.8	0.16	3.17	-9.11	1.71	-1.1	-7.18	6.58	-0.21	-4.16	-8.870000000000001
11:15:04.689691	-0.28	-9.8	0.17	3.35	-9.05	1.7	-0.98	-7.41	6.34	-0.31	-4.57	-8.66
11:15:04.700114	-0.26	-9.8	0.18	3.52	-8.99	1.67	-0.85	-7.65	6.07	-0.31	-4.57	-8.66
11:15:04.710236	-0.24	-9.8	0.18	3.67	-8.94	1.62	-0.73	-7.890000000000001	5.76	0.27	-5.37	-8.2
11:15:04.720405	-0.22	-9.8	0.19	3.8000000000000003	-8.9	1.56	-0.62	-8.14	5.42	0.62	-5.8	-7.87
11:15:04.731007	-0.2	-9.8	0.19	3.93	-8.85	1.49	-0.52	-8.38	5.05	0.92	-6.23	-7.5
11:15:04.741084	-0.19	-9.8	0.2	4.03	-8.82	1.42	-0.45	-8.620000000000001	4.64	1.1	-6.66	-7.1000000000000005
11:15:04.751187	-0.17	-9.8	0.2	4.13	-8.78	1.35	-0.39	-8.85	4.2	1.2	-7.0600000000000005	-6.69
11:15:04.761264	-0.16	-9.8	0.21	4.2	-8.76	1.3	-0.34	-9.06	3.73	1.29	-7.42	-6.2700000000000005
11:15:04.771365	-0.17	-9.8	0.24	4.2700000000000005	-8.73	1.26	-0.29	-9.25	3.23	1.3900000000000001	-7.76	-5.82
11:15:04.781436	-0.18	-9.8	0.28	4.32	-8.700000000000001	1.26	-0.24	-9.42	2.7	1.51	-8.08	-5.33
11:15:04.791527	-0.2	-9.790000000000001	0.31	4.36	-8.68	1.29	-0.19	-9.56	2.16	1.61	-8.39	-4.8100000000000005
11:15:04.801637	-0.22	-9.790000000000001	0.35000000000000003	4.38	-8.66	1.34	-0.12	-9.67	1.59	1.61	-8.39	-4.8100000000000005
11:15:04.811707	-0.22	-9.790000000000001	0.35000000000000003	4.38	-8.65	1.41	-0.05	-9.75	1.02	1.67	-8.93	-3.68
11:15:04.821790	-0.22	-9.790000000000001	0.34	4.36	-8.64	1.51	0.01	-9.790000000000001	0.44	1.6500000000000001	-9.14	-3.14
11:15:04.831858	-0.22	-9.790000000000001	0.33	4.33	-8.64	1.6	0.08	-9.8	-0.12	1.58	-9.32	-2.59
11:15:04.841928	-0.23	-9.790000000000001	0.32	4.28	-8.65	1.69	0.16	-9.78	-0.65	1.49	-9.47	-2.04
11:15:04.851996	-0.25	-9.790000000000001	0.31	4.23	-8.66	1.76	0.22	-9.73	-1.16	1.3900000000000001	-9.58	-1.53
11:15:04.862083	-0.26	-9.790000000000001	0.29	4.17	-8.68	1.79	0.28	-9.66	-1.6300000000000001	1.3900000000000001	-9.58	-1.53
11:15:04.872164	-0.28	-9.790000000000001	0.27	4.12	-8.700000000000001	1.81	0.34	-9.57	-2.06	1.26	-9.69	-0.76
11:15:04.882234	-0.31	-9.790000000000001	0.25	4.09	-8.72	1.82	0.39	-9.48	-2.45	1.23	-9.71	-0.44
11:15:04.892309	-0.33	-9.790000000000001	0.23	4.08	-8.72	1.84	0.43	-9.39	-2.77	1.19	-9.73	-0.16
11:15:04.902834	-0.35000000000000003	-9.790000000000001	0.21	4.09	-8.700000000000001	1.9100000000000001	0.48	-9.31	-3.04	1.19	-9.73	-0.16
11:15:04.912936	-0.37	-9.790000000000001	0.2	4.13	-8.64	2.07	0.52	-9.24	-3.22	1.0	-9.75	0.27
11:15:04.923277	-0.4	-9.790000000000001	0.18	4.13	-8.64	2.07	0.56	-9.200000000000001	-3.33	0.92	-9.75	0.39
11:15:04.933371	-0.42	-9.790000000000001	0.17	4.17	-8.620000000000001	2.09	0.59	-9.19	-3.37	0.89	-9.75	0.42
11:15:04.943474	-0.44	-9.790000000000001	0.16	4.23	-8.6	2.04	0.59	-9.200000000000001	-3.33	0.93	-9.76	0.16
11:15:04.953587	-0.46	-9.790000000000001	0.15	4.3	-8.59	1.94	0.59	-9.23	-3.23	0.97	-9.75	-0.05
11:15:04.963708	-0.47000000000000003	-9.790000000000001	0.14	4.42	-8.58	1.71	0.5700000000000001	-9.290000000000001	-3.0700000000000003	1.02	-9.74	-0.29
11:15:04.974411	-0.49	-9.790000000000001	0.13	4.46	-8.56	1.69	0.55	-9.35	-2.87	1.09	-9.73	-0.47000000000000003
11:15:04.985002	-0.51	-9.790000000000001	0.12	4.46	-8.540000000000001	1.78	0.52	-9.42	-2.64	1.26	-9.69	-0.72
11:15:04.995216	-0.53	-9.790000000000001	0.12	4.42	-8.52	1.99	0.49	-9.49	-2.4	1.58	-9.63	-0.87
11:15:05.005374	-0.56	-9.78	0.11	4.3100000000000005	-8.52	2.19	0.5	-9.540000000000001	-2.2	1.8900000000000001	-9.58	-0.79
11:15:05.015526	-0.58	-9.78	0.12	4.19	-8.57	2.27	0.43	-9.56	-2.13	2.13	-9.51	-1.01
11:15:05.026030	-0.62	-9.78	0.14	4.09	-8.6	2.33	0.43	-9.56	-2.13	2.13	-9.51	-1.01
11:15:05.036168	-0.66	-9.78	0.17	4.09	-8.6	2.33	0.29	-9.59	-2.0	2.13	-9.51	-1.01
11:15:05.046274	-0.6900000000000001	-9.78	0.19	4.0600000000000005	-8.620000000000001	2.2800000000000002	0.18	-9.63	-1.79	1.6	-9.33	-2.54
11:15:05.056367	-0.7000000000000001	-9.77	0.21	4.09	-8.620000000000001	2.2600000000000002	0.1	-9.700000000000001	-1.41	1.29	-9.11	-3.39
11:15:05.066921	-0.7000000000000001	-9.77	0.21	4.11	-8.63	2.15	0.1	-9.73	-1.21	1.31	-9.06	-3.49
11:15:05.076998	-0.6900000000000001	-9.77	0.21	4.09	-8.67	2.04	0.11	-9.75	-1.02	1.28	-9.03	-3.58
11:15:05.087064	-0.68	-9.78	0.22	4.0	-8.71	2.0300000000000002	0.1	-9.77	-0.8300000000000001	1.1400000000000001	-9.06	-3.5500000000000003
11:15:05.097476	-0.67	-9.78	0.23	3.85	-8.76	2.11	0.09	-9.78	-0.66	0.91	-9.15	-3.4
11:15:05.107549	-0.66	-9.78	0.25	3.66	-8.81	2.25	0.09	-9.790000000000001	-0.5	0.8200000000000001	-9.18	-3.33
11:15:05.117679	-0.64	-9.78	0.27	3.46	-8.83	2.45	0.1	-9.790000000000001	-0.36	0.9	-9.14	-3.42
11:15:05.127798	-0.62	-9.78	0.3	3.24	-8.86	2.66	0.12	-9.8	-0.23	1.08	-9.040000000000001	-3.62
11:15:05.137866	-0.58	-9.78	0.35000000000000003	3.04	-8.89	2.8000000000000003	0.14	-9.8	-0.1	1.26	-8.94	-3.81
11:15:05.147954	-0.58	-9.78	0.35000000000000003	2.87	-8.93	2.84	0.14	-9.8	0.01	1.3900000000000001	-8.870000000000001	-3.93
11:15:05.158044	-0.55	-9.78	0.37	2.75	-8.97	2.81	0.13	-9.8	0.13	1.4000000000000001	-8.82	-4.03
11:15:05.168544	-0.55	-9.78	0.37	2.67	-9.02	2.75	0.11	-9.8	0.24	1.32	-8.8	-4.11
11:15:05.179117	-0.55	-9.78	0.36	2.62	-9.06	2.66	0.1	-9.790000000000001	0.35000000000000003	1.2	-8.81	-4.13
11:15:05.189259	-0.56	-9.78	0.34	2.5500000000000003	-9.1	2.59	0.08	-9.790000000000001	0.45	1.1300000000000001	-8.83	-4.1
11:15:05.199334	-0.56	-9.78	0.33	2.45	-9.13	2.58	0.07	-9.790000000000001	0.56	1.1	-8.82	-4.12
11:15:05.209403	-0.5700000000000001	-9.78	0.31	2.31	-9.16	2.61	0.06	-9.78	0.65	1.09	-8.8	-4.18
11:15:05.219478	-0.5700000000000001	-9.78	0.3	2.15	-9.18	2.66	0.06	-9.77	0.74	1.09	-8.77	-4.24
11:15:05.229565	-0.5700000000000001	-9.78	0.29	1.97	-9.200000000000001	2.73	0.06	-9.77	0.8200000000000001	1.11	-8.73	-4.3100000000000005
11:15:05.239637	-0.5700000000000001	-9.78	0.28	1.78	-9.22	2.8000000000000003	0.05	-9.76	0.89	1.1400000000000001	-8.700000000000001	-4.37
11:15:05.249713	-0.5700000000000001	-9.78	0.27	1.6	-9.24	2.86	0.04	-9.75	0.96	1.21	-8.66	-4.43
11:15:05.259843	-0.56	-9.78	0.26	1.46	-9.24	2.91	0.03	-9.75	1.02	1.28	-8.63	-4.46
11:15:05.270043	-0.56	-9.78	0.26	1.34	-9.25	2.94	0.02	-9.74	1.09	1.34	-8.620000000000001	-4.46
11:15:05.280619	-0.55	-9.78	0.25	1.24	-9.26	2.96	0.01	-9.73	1.16	1.37	-8.620000000000001	-4.46
11:15:05.290723	-0.54	-9.78	0.24	1.1500000000000001	-9.27	2.97	0.0	-9.72	1.23	1.36	-8.6	-4.5
11:15:05.300956	-0.54	-9.78	0.24	1.05	-9.27	2.99	0.0	-9.71	1.3	1.36	-8.6	-4.5
11:15:05.311080	-0.53	-9.78	0.24	0.9400000000000001	-9.28	3.0100000000000002	0.0	-9.71	1.3	1.31	-8.53	-4.64
11:15:05.321706	-0.52	-9.78	0.23	0.8200000000000001	-9.28	3.0300000000000002	-0.01	-9.700000000000001	1.44	1.32	-8.5	-4.69
11:15:05.332152	-0.51	-9.790000000000001	0.21	0.6900000000000001	-9.28	3.0700000000000003	-0.01	-9.69	1.5	1.36	-8.48	-4.73
11:15:05.342216	-0.51	-9.790000000000001	0.21	0.56	-9.28	3.11	-0.02	-9.67	1.57	1.42	-8.46	-4.75
11:15:05.352286	-0.51	-9.790000000000001	0.2	0.43	-9.27	3.16	-0.02	-9.66	1.6300000000000001	1.48	-8.43	-4.76
11:15:05.362354	-0.51	-9.790000000000001	0.2	0.3	-9.25	3.21	-0.03	-9.65	1.7	1.54	-8.41	-4.79
11:15:05.372427	-0.51	-9.790000000000001	0.2	0.18	-9.24	3.25	-0.03	-9.64	1.78	1.57	-8.38	-4.83
11:15:05.382509	-0.51	-9.790000000000001	0.2	0.07	-9.23	3.29	-0.04	-9.620000000000001	1.85	1.58	-8.35	-4.87
11:15:05.392595	-0.52	-9.790000000000001	0.21	-0.01	-9.22	3.33	-0.04	-9.61	1.92	1.58	-8.33	-4.91
11:15:05.402672	-0.53	-9.78	0.21	-0.11	-9.21	3.36	-0.05	-9.59	2.0	1.58	-8.33	-4.91
11:15:05.412738	-0.54	-9.78	0.22	-0.2	-9.19	3.39	-0.04	-9.58	2.08	1.46	-8.27	-5.04
11:15:05.422847	-0.56	-9.78	0.23	-0.3	-9.17	3.44	-0.04	-9.56	2.17	1.46	-8.24	-5.1000000000000005
11:15:05.432933	-0.58	-9.78	0.24	-0.4	-9.15	3.49	-0.04	-9.540000000000001	2.25	1.52	-8.2	-5.14
11:15:05.443002	-0.6	-9.78	0.25	-0.5	-9.120000000000001	3.54	-0.05	-9.51	2.35	1.59	-8.17	-5.17
11:15:05.453071	-0.62	-9.78	0.27	-0.6	-9.1	3.59	-0.06	-9.49	2.46	1.68	-8.13	-5.21
11:15:05.463184	-0.64	-9.78	0.28	-0.6900000000000001	-9.08	3.62	-0.08	-9.46	2.58	1.81	-8.01	-5.3500000000000005
11:15:05.473304	-0.67	-9.77	0.29	-0.77	-9.06	3.65	-0.11	-9.42	2.7	1.81	-7.930000000000001	-5.47
11:15:05.483469	-0.6900000000000001	-9.77	0.3	-0.84	-9.05	3.66	-0.14	-9.38	2.83	1.79	-7.84	-5.6000000000000005
11:15:05.493959	-0.71	-9.77	0.31	-0.91	-9.05	3.66	-0.17	-9.34	2.98	1.79	-7.84	-5.6000000000000005
11:15:05.504227	-0.73	-9.77	0.31	-0.97	-9.05	3.64	-0.2	-9.290000000000001	3.13	1.79	-7.84	-5.6000000000000005
11:15:05.514356	-0.75	-9.77	0.31	-1.08	-9.06	3.58	-0.22	-9.23	3.29	1.74	-7.640000000000001	-5.88
11:15:05.524477	-0.76	-9.77	0.32	-1.12	-9.07	3.54	-0.25	-9.17	3.46	1.6500000000000001	-7.4	-6.21
11:15:05.535033	-0.78	-9.76	0.33	-1.16	-9.08	3.5	-0.28	-9.1	3.64	1.6	-7.26	-6.390000000000001
11:15:05.545152	-0.79	-9.76	0.34	-1.19	-9.09	3.46	-0.35000000000000003	-8.93	4.01	1.55	-7.1000000000000005	-6.57
11:15:05.555301	-0.81	-9.76	0.34	-1.21	-9.1	3.43	-0.4	-8.84	4.21	1.54	-6.93	-6.75
11:15:05.565411	-0.8300000000000001	-9.76	0.35000000000000003	-1.2	-9.11	3.41	-0.46	-8.73	4.42	1.58	-6.75	-6.93
11:15:05.575548	-0.85	-9.76	0.35000000000000003	-1.18	-9.120000000000001	3.38	-0.52	-8.620000000000001	4.63	1.55	-6.54	-7.13
11:15:05.586041	-0.87	-9.76	0.33	-1.1300000000000001	-9.15	3.33	-0.58	-8.49	4.86	1.32	-6.28	-7.4
11:15:05.596818	-0.9	-9.75	0.31	-1.06	-9.18	3.25	-0.58	-8.49	4.86	1.32	-6.28	-7.4
11:15:05.606895	-0.93	-9.75	0.28	-1.06	-9.18	3.25	-0.64	-8.35	5.09	1.32	-6.28	-7.4
11:15:05.616995	-0.93	-9.75	0.28	-0.97	-9.23	3.14	-0.73	-8.19	5.33	0.73	-5.73	-7.91
11:15:05.627111	-0.9500000000000001	-9.75	0.25	-0.72	-9.36	2.83	-0.87	-8.01	5.58	0.48	-5.15	-8.32
11:15:05.637426	-0.93	-9.75	0.25	-0.54	-9.42	2.66	-1.34	-7.59	6.05	0.73	-4.7700000000000005	-8.53
11:15:05.647596	-0.91	-9.76	0.25	-0.34	-9.47	2.5100000000000002	-1.6	-7.37	6.25	1.02	-4.36	-8.71
11:15:05.658160	-0.89	-9.76	0.24	-0.1	-9.5	2.39	-1.81	-7.17	6.43	1.17	-3.98	-8.88
11:15:05.668334	-0.87	-9.76	0.22	0.14	-9.53	2.29	-1.9000000000000001	-7.0200000000000005	6.57	1.5	-3.63	-8.98
11:15:05.678461	-0.8	-9.77	0.18	0.41000000000000003	-9.540000000000001	2.21	-1.94	-6.890000000000001	6.69	1.92	-3.18	-9.07
11:15:05.688569	-0.76	-9.77	0.16	0.68	-9.53	2.16	-1.96	-6.7700000000000005	6.8100000000000005	1.71	-2.57	-9.3
11:15:05.698697	-0.72	-9.77	0.14	0.93	-9.52	2.15	-1.93	-6.65	6.93	0.74	-1.83	-9.6
11:15:05.709112	-0.72	-9.77	0.14	1.1500000000000001	-9.49	2.17	-1.86	-6.54	7.05	0.74	-1.83	-9.6
11:15:05.719184	-0.7000000000000001	-9.78	0.12	1.36	-9.46	2.19	-1.86	-6.54	7.05	-0.6900000000000001	-1.2	-9.700000000000001
11:15:05.729297	-0.67	-9.78	0.1	1.57	-9.42	2.19	-1.67	-6.37	7.26	-1.6600000000000001	-1.72	-9.5
11:15:05.739417	-0.66	-9.78	0.09	1.79	-9.39	2.17	-1.59	-6.34	7.3	-0.93	-2.0	-9.55
11:15:05.749485	-0.65	-9.78	0.09	2.02	-9.35	2.13	-1.52	-6.38	7.28	0.0	-2.32	-9.52
11:15:05.759561	-0.65	-9.78	0.1	2.25	-9.31	2.06	-1.45	-6.45	7.23	0.62	-2.68	-9.41
11:15:05.769676	-0.64	-9.78	0.1	2.5	-9.27	1.97	-1.36	-6.5600000000000005	7.15	0.8300000000000001	-3.0100000000000002	-9.290000000000001
11:15:05.779809	-0.64	-9.78	0.11	2.74	-9.22	1.8800000000000001	-1.29	-6.69	7.04	0.79	-3.3000000000000003	-9.19
11:15:05.789895	-0.63	-9.78	0.11	2.98	-9.15	1.83	-1.21	-6.86	6.890000000000001	0.47000000000000003	-3.5300000000000002	-9.13
11:15:05.800359	-0.63	-9.78	0.11	3.21	-9.08	1.81	-1.1300000000000001	-7.05	6.71	0.47000000000000003	-3.5300000000000002	-9.13
11:15:05.810538	-0.61	-9.78	0.12	3.41	-9.01	1.8	-1.03	-7.2700000000000005	6.48	-0.06	-4.22	-8.85
11:15:05.820607	-0.59	-9.78	0.12	3.59	-8.94	1.79	-0.91	-7.51	6.23	0.1	-4.59	-8.66
11:15:05.830708	-0.5700000000000001	-9.78	0.13	3.74	-8.88	1.77	-0.79	-7.75	5.95	0.47000000000000003	-4.98	-8.43
11:15:05.840794	-0.5700000000000001	-9.78	0.13	3.88	-8.83	1.72	-0.67	-7.99	5.63	0.47000000000000003	-4.98	-8.43
11:15:05.850868	-0.54	-9.790000000000001	0.14	4.0	-8.790000000000001	1.6500000000000001	-0.55	-8.24	5.28	1.19	-5.8500000000000005	-7.7700000000000005
11:15:05.860935	-0.53	-9.790000000000001	0.14	4.11	-8.75	1.58	-0.43	-8.48	4.89	1.24	-6.32	-7.390000000000001
11:15:05.871003	-0.51	-9.790000000000001	0.15	4.2	-8.72	1.51	-0.33	-8.72	4.46	1.2	-6.74	-7.01
11:15:05.881076	-0.5	-9.790000000000001	0.16	4.28	-8.69	1.45	-0.24	-8.94	4.0	1.16	-7.15	-6.6000000000000005
11:15:05.891154	-0.49	-9.790000000000001	0.16	4.34	-8.67	1.41	-0.18	-9.15	3.5100000000000002	1.21	-7.54	-6.140000000000001
11:15:05.901228	-0.48	-9.790000000000001	0.17	4.39	-8.65	1.3800000000000001	-0.13	-9.33	2.98	1.36	-7.87	-5.68
11:15:05.911303	-0.47000000000000003	-9.790000000000001	0.17	4.43	-8.63	1.3800000000000001	-0.1	-9.49	2.44	1.57	-8.16	-5.19
11:15:05.921433	-0.47000000000000003	-9.790000000000001	0.18	4.44	-8.620000000000001	1.4000000000000001	-0.06	-9.620000000000001	1.8800000000000001	1.74	-8.45	-4.65
11:15:05.931515	-0.47000000000000003	-9.790000000000001	0.17	4.45	-8.61	1.43	-0.01	-9.71	1.31	1.82	-8.72	-4.08
11:15:05.941919	-0.47000000000000003	-9.790000000000001	0.17	4.44	-8.61	1.47	0.04	-9.77	0.74	1.82	-8.72	-4.08
11:15:05.951991	-0.48	-9.790000000000001	0.16	4.42	-8.61	1.52	0.12	-9.8	0.18	1.68	-9.14	-3.1
11:15:05.962062	-0.49	-9.790000000000001	0.15	4.39	-8.620000000000001	1.58	0.19	-9.790000000000001	-0.33	1.58	-9.31	-2.62
11:15:05.972130	-0.51	-9.790000000000001	0.13	4.34	-8.63	1.6400000000000001	0.26	-9.76	-0.8300000000000001	1.47	-9.46	-2.09
11:15:05.982231	-0.53	-9.790000000000001	0.11	4.29	-8.65	1.7	0.31	-9.71	-1.31	1.37	-9.58	-1.56
11:15:05.992343	-0.55	-9.790000000000001	0.1	4.24	-8.66	1.74	0.35000000000000003	-9.64	-1.75	1.3	-9.65	-1.12
11:15:06.002414	-0.56	-9.78	0.08	4.19	-8.67	1.79	0.38	-9.56	-2.15	1.28	-9.68	-0.79
11:15:06.012486	-0.58	-9.78	0.06	4.17	-8.67	1.85	0.4	-9.47	-2.5	1.29	-9.700000000000001	-0.53
11:15:06.022554	-0.6	-9.78	0.04	4.16	-8.66	1.9000000000000001	0.42	-9.38	-2.8000000000000003	1.31	-9.71	-0.31
11:15:06.032626	-0.61	-9.78	0.02	4.18	-8.64	1.97	0.44	-9.31	-3.0300000000000002	1.27	-9.72	-0.11
11:15:06.042701	-0.62	-9.78	0.0	4.2	-8.620000000000001	2.0300000000000002	0.46	-9.25	-3.19	1.19	-9.73	0.05
11:15:06.052802	-0.62	-9.78	-0.01	4.23	-8.6	2.05	0.48	-9.22	-3.29	1.1	-9.74	0.18
11:15:06.062931	-0.63	-9.78	-0.02	4.2700000000000005	-8.58	2.02	0.48	-9.21	-3.31	1.1	-9.74	0.18
11:15:06.073038	-0.63	-9.78	-0.02	4.32	-8.58	1.93	0.46	-9.23	-3.27	1.1400000000000001	-9.73	-0.01
11:15:06.083162	-0.64	-9.78	-0.03	4.36	-8.59	1.81	0.44	-9.26	-3.17	1.22	-9.72	-0.25
11:15:06.093240	-0.65	-9.78	-0.02	4.4	-8.59	1.69	0.41000000000000003	-9.31	-3.02	1.22	-9.72	-0.25
11:15:06.103345	-0.66	-9.78	-0.02	4.44	-8.59	1.61	0.39	-9.38	-2.81	1.33	-9.700000000000001	-0.35000000000000003
11:15:06.113960	-0.67	-9.78	-0.02	4.43	-8.55	1.83	0.44	-9.43	-2.63	1.5	-9.67	-0.63
11:15:06.124055	-0.6900000000000001	-9.78	-0.01	4.43	-8.55	1.83	0.45	-9.450000000000001	-2.56	1.83	-9.59	-0.86
11:15:06.134127	-0.72	-9.77	0.0	4.3100000000000005	-8.56	2.05	0.37	-9.48	-2.47	2.12	-9.51	-1.09
11:15:06.144264	-0.75	-9.77	0.02	4.26	-8.56	2.15	0.27	-9.52	-2.31	2.05	-9.450000000000001	-1.57
11:15:06.154560	-0.78	-9.77	0.05	4.24	-8.55	2.22	0.19	-9.57	-2.11	1.9000000000000001	-9.36	-2.21
11:15:06.164637	-0.8	-9.77	0.08	4.23	-8.55	2.24	0.15	-9.61	-1.92	1.71	-9.23	-2.83
11:15:06.175274	-0.8	-9.77	0.09	4.23	-8.57	2.17	0.14	-9.64	-1.75	1.59	-9.1	-3.27
11:15:06.185470	-0.8	-9.77	0.1	4.21	-8.6	2.09	0.15	-9.67	-1.58	1.52	-9.01	-3.54
11:15:06.195630	-0.8	-9.77	0.1	4.16	-8.64	2.0300000000000002	0.17	-9.72	-1.25	1.4000000000000001	-8.94	-3.75
11:15:06.205893	-0.8	-9.77	0.12	4.05	-8.68	2.06	0.17	-9.72	-1.25	1.23	-8.96	-3.77
11:15:06.215987	-0.79	-9.77	0.14	3.89	-8.73	2.18	0.15	-9.75	-0.9500000000000001	1.06	-9.040000000000001	-3.63
11:15:06.226058	-0.78	-9.77	0.16	3.7	-8.77	2.34	0.15	-9.77	-0.81	0.97	-9.14	-3.4
11:15:06.236131	-0.75	-9.77	0.19	3.49	-8.8	2.5300000000000002	0.17	-9.77	-0.7000000000000001	0.98	-9.18	-3.29
11:15:06.246267	-0.72	-9.77	0.22	3.27	-8.83	2.71	0.17	-9.77	-0.7000000000000001	1.03	-9.16	-3.33
11:15:06.256339	-0.68	-9.77	0.24	3.0700000000000003	-8.870000000000001	2.82	0.21	-9.790000000000001	-0.48	1.17	-9.1	-3.45
11:15:06.267013	-0.64	-9.78	0.27	2.91	-8.91	2.85	0.21	-9.790000000000001	-0.48	1.33	-9.02	-3.6
11:15:06.277192	-0.61	-9.78	0.28	2.8000000000000003	-8.96	2.81	0.22	-9.8	-0.26	1.3900000000000001	-8.950000000000001	-3.74
11:15:06.287288	-0.59	-9.78	0.3	2.72	-9.0	2.75	0.21	-9.8	-0.16	1.33	-8.89	-3.9
11:15:06.298120	-0.5700000000000001	-9.78	0.3	2.66	-9.040000000000001	2.67	0.2	-9.8	-0.06	1.22	-8.84	-4.05
11:15:06.308182	-0.55	-9.78	0.3	2.61	-9.08	2.61	0.19	-9.8	0.03	1.16	-8.82	-4.12
11:15:06.318735	-0.55	-9.78	0.29	2.5300000000000002	-9.11	2.58	0.18	-9.8	0.13	1.1500000000000001	-8.83	-4.1
11:15:06.328804	-0.55	-9.78	0.28	2.43	-9.13	2.58	0.17	-9.8	0.24	1.16	-8.84	-4.07
11:15:06.338878	-0.55	-9.78	0.27	2.3000000000000003	-9.16	2.61	0.15	-9.790000000000001	0.34	1.17	-8.84	-4.0600000000000005
11:15:06.348963	-0.55	-9.78	0.26	2.15	-9.19	2.64	0.14	-9.790000000000001	0.43	1.1300000000000001	-8.83	-4.09
11:15:06.359075	-0.55	-9.78	0.25	1.99	-9.21	2.69	0.13	-9.790000000000001	0.52	1.06	-8.81	-4.15
11:15:06.369178	-0.55	-9.78	0.24	1.83	-9.23	2.75	0.11	-9.78	0.6	1.04	-8.77	-4.25
11:15:06.379267	-0.54	-9.78	0.23	1.69	-9.24	2.81	0.09	-9.78	0.67	1.06	-8.71	-4.37
11:15:06.389333	-0.53	-9.78	0.22	1.57	-9.24	2.86	0.08	-9.77	0.74	1.11	-8.67	-4.42
11:15:06.399415	-0.51	-9.790000000000001	0.21	1.47	-9.25	2.9	0.08	-9.77	0.81	1.17	-8.65	-4.45
11:15:06.410029	-0.5	-9.790000000000001	0.21	1.37	-9.25	2.93	0.07	-9.76	0.89	1.24	-8.63	-4.47
11:15:06.420118	-0.47000000000000003	-9.790000000000001	0.19	1.28	-9.26	2.95	0.06	-9.75	0.96	1.31	-8.61	-4.49
11:15:06.430669	-0.45	-9.790000000000001	0.18	1.19	-9.26	2.97	0.06	-9.75	1.04	1.35	-8.58	-4.53
11:15:06.440859	-0.44	-9.790000000000001	0.17	1.08	-9.27	2.99	0.04	-9.74	1.12	1.35	-8.55	-4.6000000000000005
11:15:06.451471	-0.43	-9.790000000000001	0.16	0.98	-9.27	3.02	0.03	-9.73	1.2	1.34	-8.51	-4.68
11:15:06.461539	-0.42	-9.790000000000001	0.16	0.87	-9.27	3.0500000000000003	0.02	-9.72	1.28	1.34	-8.47	-4.74
11:15:06.471620	-0.41000000000000003	-9.790000000000001	0.15	0.76	-9.27	3.08	0.01	-9.71	1.35	1.3800000000000001	-8.45	-4.7700000000000005
11:15:06.481686	-0.41000000000000003	-9.790000000000001	0.15	0.65	-9.27	3.11	0.01	-9.700000000000001	1.43	1.43	-8.42	-4.8
11:15:06.491763	-0.4	-9.790000000000001	0.15	0.54	-9.27	3.14	0.01	-9.68	1.5	1.49	-8.39	-4.84
11:15:06.501875	-0.39	-9.790000000000001	0.14	0.44	-9.27	3.16	0.01	-9.67	1.58	1.53	-8.36	-4.88
11:15:06.511945	-0.39	-9.790000000000001	0.14	0.33	-9.26	3.19	0.0	-9.66	1.6600000000000001	1.55	-8.33	-4.92
11:15:06.522034	-0.39	-9.790000000000001	0.16	0.23	-9.25	3.22	0.0	-9.64	1.74	1.57	-8.3	-4.96
11:15:06.532104	-0.39	-9.790000000000001	0.17	0.13	-9.24	3.25	0.0	-9.63	1.83	1.59	-8.28	-5.0
11:15:06.542196	-0.39	-9.790000000000001	0.17	0.04	-9.23	3.29	-0.01	-9.61	1.9100000000000001	1.62	-8.25	-5.03
11:15:06.552623	-0.39	-9.790000000000001	0.17	-0.05	-9.22	3.33	-0.01	-9.6	2.0	1.62	-8.25	-5.03
11:15:06.562745	-0.4	-9.790000000000001	0.18	-0.15	-9.200000000000001	3.38	-0.02	-9.58	2.08	1.53	-8.21	-5.13
11:15:06.573315	-0.41000000000000003	-9.790000000000001	0.19	-0.24	-9.18	3.43	-0.03	-9.56	2.17	1.54	-8.18	-5.17
11:15:06.583404	-0.44	-9.790000000000001	0.22	-0.34	-9.15	3.48	-0.05	-9.53	2.27	1.59	-8.15	-5.21
11:15:06.593618	-0.45	-9.790000000000001	0.24	-0.43	-9.13	3.5300000000000002	-0.07	-9.51	2.37	1.6500000000000001	-8.11	-5.24
11:15:06.604283	-0.47000000000000003	-9.790000000000001	0.26	-0.52	-9.11	3.5700000000000003	-0.09	-9.48	2.48	1.71	-8.07	-5.29
11:15:06.614711	-0.48	-9.790000000000001	0.27	-0.7000000000000001	-9.08	3.61	-0.12	-9.450000000000001	2.59	1.78	-8.02	-5.34
11:15:06.625244	-0.49	-9.790000000000001	0.28	-0.78	-9.07	3.62	-0.15	-9.41	2.72	1.77	-7.88	-5.55
11:15:06.635391	-0.5	-9.78	0.29	-0.85	-9.07	3.61	-0.18	-9.38	2.85	1.74	-7.8	-5.67
11:15:06.645486	-0.51	-9.78	0.3	-0.92	-9.07	3.59	-0.21	-9.33	2.99	1.72	-7.71	-5.79
11:15:06.656102	-0.52	-9.78	0.31	-0.98	-9.07	3.5700000000000003	-0.24	-9.28	3.13	1.69	-7.62	-5.93
11:15:06.666194	-0.53	-9.78	0.32	-1.04	-9.08	3.54	-0.27	-9.23	3.29	1.6600000000000001	-7.51	-6.08
11:15:06.676311	-0.55	-9.78	0.33	-1.08	-9.08	3.52	-0.35000000000000003	-9.1	3.62	1.62	-7.390000000000001	-6.23
11:15:06.686429	-0.56	-9.78	0.34	-1.12	-9.09	3.49	-0.39	-9.03	3.8000000000000003	1.6	-7.25	-6.390000000000001
11:15:06.696505	-0.58	-9.78	0.35000000000000003	-1.1500000000000001	-9.1	3.46	-0.44	-8.94	3.98	1.58	-7.11	-6.55
11:15:06.707029	-0.6	-9.78	0.36	-1.16	-9.11	3.43	-0.44	-8.94	3.98	1.57	-6.95	-6.72
11:15:06.717161	-0.63	-9.77	0.37	-1.16	-9.120000000000001	3.4	-0.58	-8.75	4.38	1.62	-6.78	-6.890000000000001
11:15:06.727305	-0.66	-9.77	0.37	-1.1400000000000001	-9.13	3.36	-0.65	-8.63	4.6000000000000005	1.62	-6.78	-6.890000000000001
11:15:06.737383	-0.6900000000000001	-9.77	0.35000000000000003	-1.1	-9.16	3.29	-0.71	-8.5	4.83	1.3900000000000001	-6.36	-7.32
11:15:06.747908	-0.72	-9.77	0.33	-1.04	-9.200000000000001	3.2	-0.81	-8.35	5.07	1.11	-6.1000000000000005	-7.59
11:15:06.757989	-0.74	-9.77	0.31	-0.9500000000000001	-9.25	3.08	-0.9500000000000001	-8.18	5.3100000000000005	0.86	-5.8500000000000005	-7.8100000000000005
11:15:06.768055	-0.74	-9.77	0.3	-0.85	-9.31	2.94	-1.1500000000000001	-8.0	5.54	0.71	-5.58	-8.02
11:15:06.778129	-0.74	-9.77	0.28	-0.71	-9.370000000000001	2.7800000000000002	-1.4000000000000001	-7.8	5.7700000000000005	0.73	-5.2700000000000005	-8.23
11:15:06.788205	-0.72	-9.77	0.27	-0.55	-9.43	2.62	-1.6400000000000001	-7.59	5.98	0.91	-4.94	-8.41
11:15:06.798299	-0.7000000000000001	-9.77	0.25	-0.35000000000000003	-9.48	2.47	-1.85	-7.390000000000001	6.17	0.91	-4.94	-8.41
11:15:06.808425	-0.68	-9.77	0.24	-0.14	-9.51	2.35	-1.85	-7.390000000000001	6.17	0.91	-4.94	-8.41
11:15:06.818541	-0.65	-9.78	0.22	0.09	-9.540000000000001	2.24	-1.99	-7.140000000000001	6.41	0.91	-4.94	-8.41
11:15:06.828644	-0.62	-9.78	0.2	0.09	-9.540000000000001	2.24	-1.99	-7.140000000000001	6.41	0.91	-4.94	-8.41
11:15:06.838831	-0.58	-9.78	0.18	0.59	-9.56	2.09	-1.97	-7.07	6.49	0.6900000000000001	-2.65	-9.41
11:15:06.848984	-0.55	-9.78	0.16	0.8300000000000001	-9.540000000000001	2.08	-1.81	-6.9	6.72	-0.53	-2.06	-9.57
11:15:06.859079	-0.52	-9.790000000000001	0.13	1.04	-9.52	2.1	-1.71	-6.82	6.83	-1.67	-2.0	-9.450000000000001
11:15:06.869187	-0.5	-9.790000000000001	0.11	1.23	-9.49	2.13	-1.6300000000000001	-6.76	6.9	-1.82	-2.39	-9.33
11:15:06.879315	-0.47000000000000003	-9.790000000000001	0.08	1.42	-9.46	2.15	-1.57	-6.75	6.93	-1.24	-2.68	-9.35
11:15:06.889437	-0.46	-9.790000000000001	0.07	1.62	-9.43	2.13	-1.52	-6.78	6.91	-1.24	-2.68	-9.35
11:15:06.899562	-0.46	-9.790000000000001	0.07	1.83	-9.4	2.1	-1.47	-6.84	6.86	0.26	-3.37	-9.200000000000001
11:15:06.909753	-0.45	-9.790000000000001	0.07	2.05	-9.370000000000001	2.0300000000000002	-1.4000000000000001	-6.93	6.78	0.61	-3.7600000000000002	-9.03
11:15:06.919857	-0.44	-9.790000000000001	0.07	2.2800000000000002	-9.33	1.93	-1.31	-7.05	6.67	0.61	-3.7600000000000002	-9.03
11:15:06.929955	-0.43	-9.790000000000001	0.08	2.5100000000000002	-9.290000000000001	1.85	-1.22	-7.2	6.54	0.51	-4.24	-8.82
11:15:06.940292	-0.41000000000000003	-9.790000000000001	0.08	2.74	-9.24	1.8	-1.12	-7.37	6.37	0.24	-4.43	-8.74
11:15:06.950824	-0.39	-9.790000000000001	0.08	2.95	-9.17	1.78	-1.02	-7.55	6.16	0.24	-4.43	-8.74
11:15:06.960937	-0.37	-9.790000000000001	0.09	3.15	-9.11	1.77	-0.91	-7.75	5.93	-0.02	-5.12	-8.36
11:15:06.971005	-0.35000000000000003	-9.790000000000001	0.09	3.3200000000000003	-9.05	1.76	-0.81	-7.96	5.66	-0.02	-5.12	-8.36
11:15:06.981073	-0.33	-9.8	0.1	3.48	-9.0	1.73	-0.71	-8.17	5.36	0.54	-5.8500000000000005	-7.8500000000000005
11:15:06.991147	-0.31	-9.8	0.1	3.63	-8.950000000000001	1.68	-0.63	-8.39	5.03	0.85	-6.23	-7.5200000000000005
11:15:07.001223	-0.29	-9.8	0.1	3.7600000000000002	-8.9	1.62	-0.55	-8.6	4.66	1.0	-6.63	-7.15
11:15:07.011306	-0.27	-9.8	0.11	3.87	-8.86	1.56	-0.47000000000000003	-8.81	4.2700000000000005	1.0	-6.63	-7.15
11:15:07.021404	-0.26	-9.8	0.11	3.98	-8.83	1.5	-0.4	-9.01	3.84	1.0	-6.63	-7.15
11:15:07.031473	-0.24	-9.8	0.11	4.0600000000000005	-8.8	1.44	-0.35000000000000003	-9.19	3.39	1.05	-7.68	-5.99
11:15:07.042022	-0.23	-9.8	0.12	4.13	-8.78	1.3900000000000001	-0.31	-9.35	2.91	1.1300000000000001	-7.99	-5.55
11:15:07.052427	-0.22	-9.8	0.12	4.19	-8.76	1.34	-0.26	-9.5	2.41	1.25	-8.28	-5.09
11:15:07.062523	-0.21	-9.8	0.12	4.23	-8.74	1.32	-0.22	-9.620000000000001	1.8900000000000001	1.3800000000000001	-8.540000000000001	-4.6000000000000005
11:15:07.072590	-0.21	-9.8	0.13	4.25	-8.73	1.33	-0.16	-9.71	1.35	1.47	-8.790000000000001	-4.07
11:15:07.082711	-0.2	-9.8	0.13	4.2700000000000005	-8.72	1.34	-0.1	-9.77	0.81	1.49	-9.02	-3.5300000000000002
11:15:07.092812	-0.2	-9.8	0.13	4.2700000000000005	-8.71	1.3800000000000001	-0.02	-9.8	0.26	1.49	-9.02	-3.5300000000000002
11:15:07.102934	-0.21	-9.8	0.12	4.26	-8.71	1.44	0.06	-9.8	-0.28	1.3900000000000001	-9.370000000000001	-2.5100000000000002
11:15:07.113010	-0.21	-9.8	0.11	4.23	-8.71	1.51	0.15	-9.77	-0.79	1.3	-9.5	-2.02
11:15:07.123276	-0.22	-9.8	0.1	4.19	-8.71	1.59	0.24	-9.71	-1.28	1.19	-9.61	-1.52
11:15:07.133651	-0.24	-9.8	0.09	4.14	-8.72	1.67	0.32	-9.64	-1.73	1.07	-9.68	-1.08
11:15:07.143748	-0.25	-9.8	0.08	4.08	-8.74	1.74	0.4	-9.55	-2.15	0.97	-9.73	-0.73
11:15:07.153871	-0.27	-9.8	0.06	4.0200000000000005	-8.76	1.79	0.46	-9.46	-2.5100000000000002	0.92	-9.75	-0.41000000000000003
11:15:07.163948	-0.29	-9.8	0.04	3.94	-8.78	1.85	0.51	-9.370000000000001	-2.83	0.87	-9.76	0.06
11:15:07.174061	-0.3	-9.8	0.02	3.93	-8.78	1.8900000000000001	0.55	-9.28	-3.09	0.87	-9.76	0.06
11:15:07.184642	-0.31	-9.8	0.01	3.93	-8.78	1.8900000000000001	0.58	-9.22	-3.2800000000000002	0.8	-9.76	0.25
11:15:07.195277	-0.32	-9.8	0.0	3.96	-8.73	2.04	0.61	-9.17	-3.4	0.59	-9.77	0.51
11:15:07.205593	-0.33	-9.8	-0.01	3.99	-8.700000000000001	2.1	0.65	-9.15	-3.45	0.53	-9.77	0.52
11:15:07.216064	-0.34	-9.8	-0.02	4.03	-8.68	2.12	0.68	-9.18	-3.37	0.53	-9.77	0.52
11:15:07.226153	-0.36	-9.790000000000001	-0.02	4.07	-8.67	2.07	0.67	-9.22	-3.25	0.53	-9.77	0.52
11:15:07.236502	-0.37	-9.790000000000001	-0.03	4.13	-8.66	1.99	0.67	-9.22	-3.25	0.62	-9.78	0.21
11:15:07.246646	-0.38	-9.790000000000001	-0.03	4.18	-8.66	1.8900000000000001	0.62	-9.35	-2.88	0.8300000000000001	-9.77	-0.1
11:15:07.257469	-0.4	-9.790000000000001	-0.04	4.22	-8.65	1.84	0.61	-9.41	-2.67	1.04	-9.74	-0.37
11:15:07.267610	-0.42	-9.790000000000001	-0.04	4.24	-8.63	1.87	0.64	-9.450000000000001	-2.52	1.31	-9.71	-0.4
11:15:07.277818	-0.44	-9.790000000000001	-0.05	4.22	-8.61	2.02	0.6	-9.47	-2.47	1.6	-9.66	-0.41000000000000003
11:15:07.288302	-0.46	-9.790000000000001	-0.04	4.15	-8.620000000000001	2.13	0.48	-9.5	-2.36	1.81	-9.61	-0.6900000000000001
11:15:07.298426	-0.52	-9.790000000000001	0.0	4.07	-8.64	2.18	0.36	-9.55	-2.18	1.6600000000000001	-9.58	-1.23
11:15:07.308638	-0.55	-9.790000000000001	0.03	4.0200000000000005	-8.65	2.24	0.27	-9.6	-1.97	1.44	-9.51	-1.87
11:15:07.318813	-0.56	-9.790000000000001	0.06	4.0	-8.65	2.29	0.22	-9.64	-1.77	1.21	-9.4	-2.48
11:15:07.329277	-0.56	-9.790000000000001	0.07	4.0	-8.620000000000001	2.38	0.21	-9.67	-1.6	1.09	-9.31	-2.84
11:15:07.339825	-0.55	-9.790000000000001	0.08	4.0200000000000005	-8.61	2.38	0.21	-9.700000000000001	-1.41	1.01	-9.27	-3.02
11:15:07.349896	-0.55	-9.790000000000001	0.1	4.05	-8.63	2.2800000000000002	0.2	-9.72	-1.23	0.91	-9.22	-3.19
11:15:07.360001	-0.55	-9.790000000000001	0.11	4.04	-8.66	2.18	0.18	-9.74	-1.06	0.77	-9.25	-3.15
11:15:07.370180	-0.54	-9.790000000000001	0.14	3.97	-8.69	2.16	0.16	-9.76	-0.9	0.64	-9.33	-2.94
11:15:07.380871	-0.52	-9.790000000000001	0.17	3.85	-8.74	2.21	0.16	-9.77	-0.74	0.61	-9.370000000000001	-2.82
11:15:07.390946	-0.5	-9.790000000000001	0.19	3.68	-8.77	2.34	0.18	-9.78	-0.6	0.66	-9.35	-2.87
11:15:07.401049	-0.47000000000000003	-9.790000000000001	0.22	3.5	-8.8	2.54	0.22	-9.790000000000001	-0.47000000000000003	0.81	-9.290000000000001	-3.0100000000000002
11:15:07.411134	-0.44	-9.790000000000001	0.24	3.29	-8.81	2.77	0.25	-9.790000000000001	-0.34	1.02	-9.22	-3.17
11:15:07.421202	-0.42	-9.790000000000001	0.26	3.09	-8.82	2.95	0.27	-9.8	-0.21	1.21	-9.14	-3.31
11:15:07.431305	-0.4	-9.790000000000001	0.27	2.94	-8.84	3.0300000000000002	0.27	-9.8	-0.08	1.25	-9.09	-3.45
11:15:07.441419	-0.39	-9.790000000000001	0.28	2.85	-8.88	3.0100000000000002	0.27	-9.8	0.04	1.1500000000000001	-9.02	-3.64
11:15:07.451490	-0.39	-9.790000000000001	0.28	2.8000000000000003	-8.92	2.94	0.25	-9.8	0.16	0.98	-8.98	-3.8000000000000003
11:15:07.461566	-0.39	-9.790000000000001	0.28	2.77	-8.96	2.85	0.24	-9.790000000000001	0.28	0.88	-8.99	-3.79
11:15:07.471630	-0.4	-9.790000000000001	0.27	2.74	-8.99	2.7600000000000002	0.24	-9.790000000000001	0.4	0.8300000000000001	-9.01	-3.75
11:15:07.481704	-0.41000000000000003	-9.790000000000001	0.27	2.69	-9.02	2.73	0.23	-9.790000000000001	0.51	0.81	-9.02	-3.73
11:15:07.491847	-0.42	-9.790000000000001	0.26	2.59	-9.05	2.73	0.22	-9.78	0.62	0.8200000000000001	-9.02	-3.73
11:15:07.501914	-0.43	-9.790000000000001	0.25	2.47	-9.07	2.77	0.22	-9.77	0.72	0.79	-9.01	-3.7800000000000002
11:15:07.512036	-0.44	-9.790000000000001	0.25	2.31	-9.1	2.82	0.21	-9.77	0.8	0.77	-8.97	-3.88
11:15:07.522097	-0.44	-9.790000000000001	0.25	2.14	-9.120000000000001	2.88	0.2	-9.76	0.88	0.81	-8.91	-3.99
11:15:07.532253	-0.44	-9.790000000000001	0.25	1.98	-9.14	2.93	0.18	-9.75	0.96	0.88	-8.870000000000001	-4.0600000000000005
11:15:07.542405	-0.44	-9.790000000000001	0.25	1.84	-9.15	2.98	0.17	-9.75	1.02	0.9500000000000001	-8.85	-4.1
11:15:07.552551	-0.44	-9.790000000000001	0.25	1.74	-9.16	3.02	0.15	-9.74	1.09	1.0	-8.84	-4.11
11:15:07.563350	-0.43	-9.790000000000001	0.25	1.6500000000000001	-9.17	3.04	0.14	-9.73	1.1500000000000001	1.01	-8.83	-4.12
11:15:07.573462	-0.42	-9.790000000000001	0.25	1.48	-9.19	3.0700000000000003	0.13	-9.72	1.21	1.0	-8.82	-4.14
11:15:07.583534	-0.41000000000000003	-9.790000000000001	0.25	1.48	-9.19	3.0700000000000003	0.13	-9.72	1.28	0.98	-8.78	-4.25
11:15:07.593625	-0.4	-9.790000000000001	0.24	1.25	-9.21	3.09	0.12	-9.71	1.34	1.0	-8.75	-4.29
11:15:07.603761	-0.39	-9.790000000000001	0.24	1.1300000000000001	-9.22	3.12	0.12	-9.700000000000001	1.4000000000000001	1.04	-8.73	-4.34
11:15:07.613919	-0.38	-9.790000000000001	0.23	0.99	-9.23	3.15	0.1	-9.69	1.46	1.04	-8.73	-4.34
11:15:07.624470	-0.37	-9.790000000000001	0.23	0.87	-9.23	3.19	0.09	-9.68	1.52	1.16	-8.68	-4.4
11:15:07.634545	-0.37	-9.790000000000001	0.23	0.75	-9.23	3.21	0.08	-9.67	1.57	1.21	-8.66	-4.42
11:15:07.644614	-0.36	-9.790000000000001	0.22	0.65	-9.23	3.23	0.07	-9.66	1.6300000000000001	1.23	-8.64	-4.46
11:15:07.655266	-0.36	-9.790000000000001	0.22	0.55	-9.23	3.24	0.07	-9.66	1.68	1.25	-8.61	-4.5
11:15:07.665600	-0.39	-9.790000000000001	0.2	0.45	-9.23	3.25	0.07	-9.64	1.74	1.27	-8.59	-4.54
11:15:07.676203	-0.39	-9.790000000000001	0.21	0.35000000000000003	-9.23	3.2600000000000002	0.05	-9.620000000000001	1.86	1.29	-8.57	-4.57
11:15:07.686275	-0.39	-9.790000000000001	0.22	0.25	-9.23	3.2800000000000002	0.05	-9.61	1.92	1.27	-8.55	-4.62
11:15:07.696383	-0.39	-9.790000000000001	0.23	0.16	-9.22	3.31	0.05	-9.6	1.99	1.22	-8.52	-4.68
11:15:07.706474	-0.4	-9.790000000000001	0.25	0.06	-9.21	3.34	0.05	-9.58	2.06	1.22	-8.49	-4.73
11:15:07.716558	-0.41000000000000003	-9.790000000000001	0.26	-0.02	-9.200000000000001	3.38	0.04	-9.57	2.13	1.25	-8.47	-4.7700000000000005
11:15:07.727202	-0.42	-9.790000000000001	0.28	-0.11	-9.18	3.42	0.03	-9.55	2.22	1.3	-8.44	-4.8100000000000005
11:15:07.737301	-0.43	-9.790000000000001	0.3	-0.2	-9.17	3.46	0.01	-9.53	2.31	1.34	-8.41	-4.8500000000000005
11:15:07.747451	-0.45	-9.790000000000001	0.32	-0.29	-9.15	3.5	0.0	-9.5	2.4	1.3900000000000001	-8.370000000000001	-4.91
11:15:07.758115	-0.47000000000000003	-9.78	0.34	-0.38	-9.14	3.5300000000000002	-0.03	-9.47	2.5100000000000002	1.42	-8.32	-4.99
11:15:07.768672	-0.49	-9.78	0.36	-0.46	-9.120000000000001	3.5500000000000003	-0.06	-9.44	2.62	1.44	-8.25	-5.08
11:15:07.778744	-0.53	-9.78	0.39	-0.54	-9.120000000000001	3.5500000000000003	-0.09	-9.41	2.75	1.45	-8.19	-5.18
11:15:07.789100	-0.55	-9.78	0.41000000000000003	-0.61	-9.11	3.5500000000000003	-0.12	-9.370000000000001	2.89	1.45	-8.120000000000001	-5.29
11:15:07.799168	-0.5700000000000001	-9.78	0.43	-0.67	-9.120000000000001	3.5300000000000002	-0.16	-9.32	3.0300000000000002	1.44	-8.040000000000001	-5.42
11:15:07.809237	-0.59	-9.77	0.44	-0.72	-9.120000000000001	3.5	-0.19	-9.26	3.19	1.42	-7.95	-5.5600000000000005
11:15:07.819547	-0.61	-9.77	0.46	-0.77	-9.13	3.47	-0.21	-9.200000000000001	3.36	1.4000000000000001	-7.84	-5.7
11:15:07.829618	-0.62	-9.77	0.48	-0.8	-9.15	3.43	-0.24	-9.13	3.5500000000000003	1.3900000000000001	-7.73	-5.86
11:15:07.839687	-0.63	-9.77	0.49	-0.8200000000000001	-9.16	3.37	-0.27	-9.05	3.74	1.3800000000000001	-7.6000000000000005	-6.03
11:15:07.849844	-0.64	-9.77	0.51	-0.8300000000000001	-9.18	3.3200000000000003	-0.32	-8.96	3.95	1.4000000000000001	-7.46	-6.2
11:15:07.859961	-0.66	-9.77	0.51	-0.81	-9.200000000000001	3.2800000000000002	-0.37	-8.86	4.16	1.43	-7.3	-6.38
11:15:07.870069	-0.68	-9.76	0.5	-0.79	-9.22	3.24	-0.41000000000000003	-8.76	4.38	1.31	-7.1000000000000005	-6.62
11:15:07.880738	-0.71	-9.76	0.47000000000000003	-0.74	-9.24	3.19	-0.45	-8.63	4.61	1.11	-6.88	-6.890000000000001
11:15:07.890876	-0.74	-9.76	0.44	-0.68	-9.27	3.12	-0.5	-8.5	4.8500000000000005	0.92	-6.640000000000001	-7.15
11:15:07.900950	-0.77	-9.76	0.41000000000000003	-0.6	-9.3	3.0300000000000002	-0.59	-8.35	5.1000000000000005	0.73	-6.37	-7.41
11:15:07.911062	-0.77	-9.76	0.39	-0.51	-9.34	2.91	-0.72	-8.18	5.34	0.58	-6.1000000000000005	-7.65
11:15:07.921151	-0.76	-9.76	0.38	-0.39	-9.39	2.7800000000000002	-0.9	-8.0	5.58	0.5	-5.8	-7.88
11:15:07.931224	-0.74	-9.77	0.36	-0.25	-9.44	2.63	-1.1300000000000001	-7.8	5.82	0.51	-5.5	-8.09
11:15:07.941308	-0.72	-9.77	0.35000000000000003	-0.08	-9.48	2.47	-1.3800000000000001	-7.6000000000000005	6.03	0.67	-5.17	-8.3
11:15:07.951383	-0.6900000000000001	-9.77	0.33	0.11	-9.52	2.32	-1.62	-7.42	6.19	0.9400000000000001	-4.7700000000000005	-8.51
11:15:07.961512	-0.66	-9.77	0.31	0.33	-9.55	2.18	-1.81	-7.3100000000000005	6.2700000000000005	1.19	-4.3	-8.72
11:15:07.971596	-0.62	-9.78	0.28	0.5700000000000001	-9.56	2.07	-1.9000000000000001	-7.24	6.32	1.44	-3.86	-8.89
11:15:07.981659	-0.58	-9.78	0.25	0.81	-9.57	1.97	-1.9100000000000001	-7.16	6.41	1.58	-3.39	-9.06
11:15:07.991736	-0.54	-9.78	0.22	1.07	-9.55	1.9100000000000001	-1.8800000000000001	-7.0600000000000005	6.53	0.85	-2.96	-9.3
11:15:08.001813	-0.5	-9.790000000000001	0.18	1.31	-9.53	1.9000000000000001	-1.82	-6.97	6.640000000000001	-0.7000000000000001	-2.67	-9.4
11:15:08.011968	-0.47000000000000003	-9.790000000000001	0.15	1.53	-9.49	1.93	-1.73	-6.9	6.74	-2.05	-2.88	-9.14
11:15:08.022101	-0.45	-9.790000000000001	0.12	1.72	-9.44	1.98	-1.61	-6.87	6.8	-1.76	-3.11	-9.120000000000001
11:15:08.032636	-0.44	-9.790000000000001	0.1	1.8900000000000001	-9.4	2.0300000000000002	-1.49	-6.88	6.82	-0.79	-3.12	-9.25
11:15:08.042711	-0.44	-9.790000000000001	0.09	2.07	-9.36	2.04	-1.41	-6.93	6.79	0.26	-3.31	-9.22
11:15:08.052852	-0.44	-9.790000000000001	0.08	2.25	-9.32	2.0100000000000002	-1.34	-7.0	6.72	1.04	-3.72	-9.0
11:15:08.062924	-0.44	-9.790000000000001	0.08	2.45	-9.290000000000001	1.94	-1.28	-7.11	6.62	1.33	-4.19	-8.76
11:15:08.073049	-0.43	-9.790000000000001	0.07	2.66	-9.25	1.86	-1.24	-7.25	6.48	1.23	-4.5	-8.620000000000001
11:15:08.083121	-0.43	-9.790000000000001	0.07	2.88	-9.200000000000001	1.78	-1.2	-7.41	6.3	0.86	-4.67	-8.57
11:15:08.093299	-0.42	-9.790000000000001	0.06	3.1	-9.14	1.72	-1.1500000000000001	-7.58	6.1000000000000005	0.47000000000000003	-4.91	-8.47
11:15:08.103397	-0.41000000000000003	-9.790000000000001	0.05	3.3200000000000003	-9.07	1.67	-1.08	-7.7700000000000005	5.87	0.35000000000000003	-5.26	-8.26
11:15:08.114010	-0.4	-9.790000000000001	0.04	3.67	-8.94	1.61	-1.0	-7.97	5.61	0.5700000000000001	-5.59	-8.03
11:15:08.124546	-0.38	-9.790000000000001	0.03	3.8000000000000003	-8.89	1.58	-0.91	-8.18	5.3100000000000005	1.3900000000000001	-6.24	-7.42
11:15:08.134649	-0.37	-9.790000000000001	0.02	3.92	-8.84	1.55	-0.8300000000000001	-8.39	4.99	1.57	-6.62	-7.05
11:15:08.145383	-0.36	-9.790000000000001	0.01	4.03	-8.8	1.52	-0.75	-8.61	4.63	1.56	-6.98	-6.7
11:15:08.155452	-0.35000000000000003	-9.8	0.0	4.12	-8.77	1.47	-0.66	-8.81	4.24	1.48	-7.3100000000000005	-6.3500000000000005
11:15:08.165578	-0.34	-9.8	0.0	4.19	-8.74	1.41	-0.51	-9.18	3.38	1.43	-7.63	-5.98
11:15:08.175713	-0.33	-9.8	-0.01	4.26	-8.72	1.34	-0.45	-9.34	2.92	1.44	-7.930000000000001	-5.57
11:15:08.185805	-0.32	-9.8	-0.02	4.32	-8.71	1.27	-0.39	-9.48	2.44	1.51	-8.19	-5.17
11:15:08.195917	-0.31	-9.8	-0.02	4.36	-8.69	1.21	-0.33	-9.6	1.95	1.6	-8.41	-4.76
11:15:08.206332	-0.3	-9.8	-0.03	4.38	-8.68	1.2	-0.33	-9.6	1.95	1.6300000000000001	-8.65	-4.32
11:15:08.216884	-0.29	-9.8	-0.03	4.38	-8.68	1.2	-0.21	-9.75	0.9400000000000001	1.6	-8.870000000000001	-3.85
11:15:08.227525	-0.29	-9.8	-0.04	4.38	-8.67	1.31	-0.13	-9.790000000000001	0.44	1.54	-9.07	-3.38
11:15:08.237681	-0.29	-9.8	-0.05	4.36	-8.67	1.3900000000000001	-0.06	-9.8	-0.03	1.45	-9.25	-2.91
11:15:08.247801	-0.3	-9.8	-0.06	4.32	-8.67	1.48	0.0	-9.790000000000001	-0.51	1.36	-9.4	-2.41
11:15:08.257890	-0.32	-9.8	-0.09	4.26	-8.68	1.57	0.06	-9.75	-0.97	1.27	-9.53	-1.9000000000000001
11:15:08.267988	-0.32	-9.8	-0.09	4.2	-8.700000000000001	1.6600000000000001	0.12	-9.700000000000001	-1.41	1.2	-9.620000000000001	-1.42
11:15:08.278352	-0.34	-9.8	-0.1	4.13	-8.71	1.74	0.17	-9.63	-1.81	1.17	-9.67	-1.05
