Time	Pelvis_x	Pelvis_y	Pelvis_z	UppLeg_x	UppLeg_y	UppLeg_z	LowLeg_x	LowLeg_y	LowLeg_z		Foot_x	Foot_y	Foot_z
11:14:59.372294	-0.74	-9.76	0.43	5.23	-8.19	1.26	-0.19	-8.49	4.89	0.7000000000000001	-8.56	-4.71
11:14:59.382848	-0.75	-9.76	0.46	5.19	-8.23	1.18	-0.17	-8.370000000000001	5.09	0.58	-8.3	-5.17
11:14:59.393396	-0.75	-9.76	0.48	5.12	-8.28	1.09	-0.14	-8.24	5.3	0.5700000000000001	-8.14	-5.42
11:14:59.403505	-0.75	-9.76	0.5	5.03	-8.35	0.99	-0.1	-8.09	5.53	0.55	-7.95	-5.7
11:14:59.413591	-0.74	-9.76	0.51	4.91	-8.43	0.86	-0.07	-7.930000000000001	5.76	0.43	-7.75	-5.98
11:14:59.423736	-0.72	-9.76	0.52	4.7700000000000005	-8.53	0.72	-0.03	-7.76	5.98	0.25	-7.51	-6.29
11:14:59.434433	-0.71	-9.76	0.53	4.6000000000000005	-8.64	0.58	0.04	-7.59	6.2	-0.01	-7.25	-6.6000000000000005
11:14:59.444500	-0.71	-9.76	0.54	4.4	-8.74	0.46	0.14	-7.41	6.41	-0.39	-6.97	-6.88
11:14:59.454693	-0.71	-9.76	0.54	4.19	-8.85	0.37	0.25	-7.22	6.62	-0.84	-6.68	-7.12
11:14:59.465304	-0.71	-9.76	0.54	3.97	-8.96	0.31	0.32	-7.0200000000000005	6.83	-1.05	-6.36	-7.38
11:14:59.475414	-0.7000000000000001	-9.76	0.55	3.74	-9.06	0.25	0.37	-6.82	7.03	-0.9	-6.0200000000000005	-7.68
11:14:59.485586	-0.6900000000000001	-9.76	0.56	3.5	-9.15	0.23	0.38	-6.640000000000001	7.2	-0.7000000000000001	-5.68	-7.95
11:14:59.495681	-0.67	-9.76	0.58	3.2600000000000002	-9.24	0.24	0.31	-6.48	7.3500000000000005	-0.86	-5.49	-8.07
11:14:59.505845	-0.66	-9.76	0.59	3.0100000000000002	-9.32	0.25	0.19	-6.33	7.48	-1.04	-5.48	-8.05
11:14:59.516395	-0.65	-9.76	0.61	2.74	-9.41	0.25	0.09	-6.21	7.58	-0.9	-5.51	-8.05
11:14:59.526511	-0.65	-9.76	0.62	2.47	-9.48	0.21	0.05	-6.12	7.65	-0.68	-5.55	-8.05
11:14:59.536639	-0.65	-9.76	0.63	2.21	-9.55	0.15	0.01	-6.08	7.69	-0.59	-5.64	-7.99
11:14:59.547359	-0.67	-9.76	0.64	1.96	-9.6	0.08	0.01	-6.12	7.65	-0.59	-5.7700000000000005	-7.9
11:14:59.557434	-0.68	-9.76	0.64	1.72	-9.65	0.01	0.0	-6.2	7.59	-0.52	-5.92	-7.79
11:14:59.567502	-0.6900000000000001	-9.76	0.65	1.48	-9.69	-0.02	-0.04	-6.32	7.49	-0.36	-6.13	-7.63
11:14:59.577576	-0.6900000000000001	-9.75	0.65	1.25	-9.72	-0.05	-0.11	-6.46	7.37	-0.17	-6.42	-7.4
11:14:59.587704	-0.7000000000000001	-9.75	0.65	1.03	-9.75	-0.06	-0.21	-6.63	7.21	-0.02	-6.71	-7.140000000000001
11:14:59.597776	-0.6900000000000001	-9.75	0.65	0.81	-9.77	-0.06	-0.31	-6.82	7.03	0.11	-6.99	-6.87
11:14:59.607882	-0.6900000000000001	-9.76	0.65	0.6	-9.78	-0.05	-0.4	-7.03	6.8100000000000005	0.25	-7.25	-6.59
11:14:59.617953	-0.68	-9.76	0.65	0.4	-9.790000000000001	-0.03	-0.49	-7.26	6.57	0.41000000000000003	-7.49	-6.3100000000000005
11:14:59.628028	-0.68	-9.76	0.64	0.2	-9.8	0.0	-0.5700000000000001	-7.5	6.29	0.55	-7.74	-5.99
11:14:59.638112	-0.67	-9.76	0.64	0.01	-9.8	0.05	-0.65	-7.74	5.97	0.7000000000000001	-8.0	-5.61
11:14:59.648180	-0.66	-9.76	0.63	-0.16	-9.8	0.11	-0.72	-7.99	5.62	0.84	-8.27	-5.19
11:14:59.658284	-0.64	-9.76	0.62	-0.32	-9.790000000000001	0.18	-0.79	-8.25	5.24	0.99	-8.52	-4.74
11:14:59.668354	-0.64	-9.76	0.61	-0.47000000000000003	-9.790000000000001	0.25	-0.84	-8.49	4.82	1.1400000000000001	-8.75	-4.2700000000000005
11:14:59.678428	-0.63	-9.76	0.6	-0.6	-9.78	0.31	-0.88	-8.73	4.37	1.29	-8.950000000000001	-3.7800000000000002
11:14:59.688511	-0.62	-9.76	0.59	-0.71	-9.77	0.37	-0.91	-8.950000000000001	3.89	1.46	-9.120000000000001	-3.27
11:14:59.698581	-0.62	-9.76	0.59	-0.81	-9.76	0.43	-0.9400000000000001	-9.15	3.37	1.6300000000000001	-9.27	-2.74
11:14:59.708652	-0.61	-9.76	0.58	-0.88	-9.75	0.49	-0.9500000000000001	-9.33	2.84	1.79	-9.38	-2.21
11:14:59.718720	-0.61	-9.77	0.5700000000000001	-0.9400000000000001	-9.74	0.55	-0.9400000000000001	-9.48	2.2800000000000002	1.97	-9.450000000000001	-1.69
11:14:59.728796	-0.61	-9.77	0.5700000000000001	-0.99	-9.73	0.63	-0.93	-9.61	1.7	2.15	-9.49	-1.2
11:14:59.738873	-0.61	-9.77	0.5700000000000001	-1.02	-9.72	0.7000000000000001	-0.9	-9.69	1.12	2.33	-9.49	-0.74
11:14:59.748945	-0.61	-9.76	0.58	-1.05	-9.71	0.77	-0.88	-9.75	0.55	2.52	-9.47	-0.3
11:14:59.759013	-0.61	-9.76	0.6	-1.06	-9.71	0.84	-0.87	-9.76	0.0	2.7	-9.42	0.13
11:14:59.769082	-0.62	-9.76	0.62	-1.08	-9.700000000000001	0.91	-0.86	-9.75	-0.53	2.87	-9.35	0.58
11:14:59.779151	-0.63	-9.76	0.64	-1.09	-9.69	0.9500000000000001	-0.86	-9.71	-1.03	3.02	-9.27	0.99
11:14:59.789281	-0.64	-9.76	0.66	-1.1	-9.69	0.98	-0.87	-9.65	-1.49	3.18	-9.17	1.33
11:14:59.799433	-0.66	-9.75	0.6900000000000001	-1.11	-9.69	0.99	-0.88	-9.57	-1.9000000000000001	3.31	-9.08	1.61
11:14:59.809524	-0.68	-9.75	0.71	-1.12	-9.69	1.0	-0.9	-9.5	-2.25	3.4	-9.0	1.85
11:14:59.819654	-0.71	-9.75	0.73	-1.12	-9.68	1.02	-0.92	-9.42	-2.54	3.47	-8.93	2.07
11:14:59.829748	-0.74	-9.74	0.75	-1.12	-9.68	1.09	-0.93	-9.36	-2.7600000000000002	3.5300000000000002	-8.86	2.23
11:14:59.840300	-0.77	-9.74	0.77	-1.1300000000000001	-9.66	1.18	-0.9500000000000001	-9.31	-2.91	3.6	-8.81	2.32
11:14:59.850394	-0.79	-9.74	0.8	-1.1500000000000001	-9.65	1.26	-0.97	-9.28	-2.98	3.65	-8.790000000000001	2.33
11:14:59.860468	-0.8200000000000001	-9.73	0.8200000000000001	-1.17	-9.64	1.31	-1.01	-9.28	-2.98	3.64	-8.81	2.2800000000000002
11:14:59.870560	-0.85	-9.73	0.84	-1.19	-9.64	1.33	-1.03	-9.3	-2.91	3.6	-8.85	2.2
11:14:59.880662	-0.88	-9.72	0.86	-1.21	-9.63	1.34	-1.06	-9.34	-2.7800000000000002	3.54	-8.9	2.09
11:14:59.890759	-0.9	-9.72	0.88	-1.23	-9.63	1.36	-1.09	-9.39	-2.59	3.48	-8.950000000000001	1.96
11:14:59.900833	-0.93	-9.71	0.9	-1.25	-9.620000000000001	1.3900000000000001	-1.11	-9.44	-2.37	3.4	-9.01	1.83
11:14:59.910904	-0.9500000000000001	-9.71	0.92	-1.25	-9.61	1.44	-1.1400000000000001	-9.5	-2.13	2.99	-9.200000000000001	1.58
11:14:59.920985	-0.98	-9.71	0.9400000000000001	-1.25	-9.61	1.49	-1.17	-9.540000000000001	-1.9000000000000001	2.33	-9.370000000000001	1.67
11:14:59.931473	-1.0	-9.700000000000001	0.96	-1.1400000000000001	-9.59	1.67	-1.18	-9.56	-1.78	1.78	-9.47	1.78
11:14:59.941571	-1.03	-9.700000000000001	0.97	-1.05	-9.58	1.77	-1.09	-9.59	-1.71	1.9100000000000001	-9.57	0.91
11:14:59.952277	-1.07	-9.700000000000001	0.9500000000000001	-0.98	-9.57	1.86	-0.98	-9.620000000000001	-1.61	1.76	-9.64	0.01
11:14:59.962384	-1.11	-9.69	0.92	-0.93	-9.58	1.87	-0.92	-9.65	-1.44	2.4	-9.49	-0.41000000000000003
11:14:59.972483	-1.1300000000000001	-9.69	0.9	-0.92	-9.59	1.8	-0.9	-9.68	-1.25	2.52	-9.43	-0.87
11:14:59.982552	-1.1500000000000001	-9.69	0.88	-0.93	-9.6	1.75	-0.92	-9.700000000000001	-1.04	2.5	-9.370000000000001	-1.41
11:14:59.992666	-1.1300000000000001	-9.700000000000001	0.87	-0.92	-9.61	1.67	-0.98	-9.72	-0.8200000000000001	2.5300000000000002	-9.35	-1.5
11:15:00.002776	-1.12	-9.700000000000001	0.86	-0.86	-9.64	1.56	-1.03	-9.73	-0.59	2.59	-9.35	-1.3800000000000001
11:15:00.013224	-1.1	-9.700000000000001	0.84	-0.75	-9.65	1.53	-1.09	-9.73	-0.38	2.56	-9.36	-1.3800000000000001
11:15:00.023462	-1.08	-9.71	0.8200000000000001	-0.62	-9.65	1.59	-1.1500000000000001	-9.73	-0.22	2.43	-9.38	-1.48
11:15:00.033695	-1.06	-9.71	0.8	-0.48	-9.64	1.68	-1.2	-9.73	-0.07	2.33	-9.4	-1.49
11:15:00.044331	-1.03	-9.72	0.77	-0.35000000000000003	-9.63	1.79	-1.24	-9.72	0.07	2.27	-9.43	-1.4000000000000001
11:15:00.054433	-1.01	-9.72	0.75	-0.24	-9.620000000000001	1.8800000000000001	-1.28	-9.71	0.24	2.22	-9.450000000000001	-1.36
11:15:00.064565	-0.99	-9.72	0.73	-0.13	-9.61	1.92	-1.31	-9.700000000000001	0.41000000000000003	2.22	-9.43	-1.45
11:15:00.075180	-0.98	-9.73	0.71	-0.02	-9.61	1.93	-1.32	-9.69	0.5700000000000001	2.21	-9.42	-1.54
11:15:00.085635	-0.98	-9.73	0.68	0.1	-9.61	1.92	-1.33	-9.69	0.6900000000000001	2.21	-9.42	-1.54
11:15:00.096148	-0.98	-9.73	0.68	0.24	-9.61	1.9100000000000001	-1.35	-9.68	0.78	2.24	-9.4	-1.6500000000000001
11:15:00.106634	-0.98	-9.73	0.6900000000000001	0.39	-9.6	1.9100000000000001	-1.3800000000000001	-9.67	0.86	2.24	-9.4	-1.6500000000000001
11:15:00.116990	-0.98	-9.73	0.7000000000000001	0.53	-9.59	1.93	-1.4000000000000001	-9.65	0.93	2.2600000000000002	-9.38	-1.72
11:15:00.127544	-0.98	-9.73	0.71	0.68	-9.58	1.94	-1.45	-9.63	1.09	2.2600000000000002	-9.38	-1.72
11:15:00.137630	-0.98	-9.73	0.71	0.8300000000000001	-9.57	1.95	-1.45	-9.63	1.09	2.19	-9.36	-1.9000000000000001
11:15:00.147700	-0.98	-9.73	0.71	0.99	-9.55	1.96	-1.46	-9.61	1.26	2.19	-9.36	-1.9000000000000001
11:15:00.157775	-0.98	-9.73	0.72	1.1500000000000001	-9.53	1.98	-1.46	-9.6	1.34	2.15	-9.370000000000001	-1.92
11:15:00.167846	-0.98	-9.73	0.71	1.32	-9.5	2.0100000000000002	-1.47	-9.59	1.41	2.15	-9.370000000000001	-1.92
11:15:00.177935	-0.98	-9.73	0.71	1.5	-9.47	2.05	-1.48	-9.58	1.47	2.09	-9.38	-1.94
11:15:00.188030	-0.98	-9.73	0.71	1.67	-9.43	2.08	-1.49	-9.56	1.53	2.09	-9.38	-1.94
11:15:00.198464	-0.97	-9.73	0.71	1.67	-9.43	2.08	-1.49	-9.56	1.53	1.8800000000000001	-9.39	-2.06
11:15:00.208553	-0.97	-9.73	0.71	1.99	-9.35	2.14	-1.51	-9.540000000000001	1.68	1.8800000000000001	-9.39	-2.06
11:15:00.218627	-0.97	-9.73	0.71	2.13	-9.32	2.15	-1.51	-9.52	1.76	1.85	-9.4	-2.07
11:15:00.228746	-0.97	-9.73	0.71	2.27	-9.290000000000001	2.15	-1.51	-9.51	1.84	1.85	-9.4	-2.07
11:15:00.238850	-0.97	-9.73	0.71	2.4	-9.25	2.16	-1.51	-9.49	1.92	1.78	-9.39	-2.18
11:15:00.248919	-0.98	-9.73	0.71	2.54	-9.21	2.18	-1.51	-9.47	2.0	1.78	-9.39	-2.18
11:15:00.259007	-0.98	-9.73	0.7000000000000001	2.67	-9.17	2.19	-1.52	-9.46	2.06	1.75	-9.38	-2.22
11:15:00.269082	-0.98	-9.73	0.7000000000000001	2.79	-9.13	2.21	-1.53	-9.44	2.13	1.75	-9.38	-2.22
11:15:00.279185	-0.99	-9.73	0.6900000000000001	2.91	-9.09	2.23	-1.54	-9.42	2.21	1.68	-9.38	-2.27
11:15:00.289256	-1.0	-9.73	0.6900000000000001	2.91	-9.09	2.23	-1.55	-9.4	2.2800000000000002	1.68	-9.38	-2.27
11:15:00.299467	-1.01	-9.73	0.68	3.12	-9.0	2.29	-1.55	-9.38	2.36	1.6400000000000001	-9.39	-2.3000000000000003
11:15:00.309868	-1.05	-9.72	0.7000000000000001	3.22	-8.96	2.33	-1.56	-9.36	2.44	1.6400000000000001	-9.39	-2.3000000000000003
11:15:00.320401	-1.07	-9.72	0.6900000000000001	3.22	-8.96	2.33	-1.58	-9.34	2.52	1.54	-9.36	-2.44
11:15:00.330566	-1.09	-9.72	0.67	3.44	-8.870000000000001	2.37	-1.59	-9.31	2.6	1.54	-9.36	-2.44
11:15:00.340647	-1.12	-9.72	0.65	3.5500000000000003	-8.82	2.38	-1.61	-9.290000000000001	2.68	1.56	-9.34	-2.54
11:15:00.350708	-1.1400000000000001	-9.71	0.63	3.67	-8.76	2.4	-1.61	-9.26	2.77	1.56	-9.34	-2.54
11:15:00.360785	-1.16	-9.71	0.61	3.7800000000000002	-8.71	2.42	-1.62	-9.23	2.87	1.57	-9.32	-2.59
11:15:00.370903	-1.18	-9.71	0.59	3.89	-8.66	2.45	-1.61	-9.200000000000001	2.98	1.57	-9.32	-2.59
11:15:00.381020	-1.18	-9.71	0.59	3.99	-8.6	2.47	-1.61	-9.16	3.09	1.52	-9.27	-2.8000000000000003
11:15:00.391092	-1.21	-9.71	0.56	4.08	-8.56	2.48	-1.6	-9.120000000000001	3.21	1.52	-9.27	-2.8000000000000003
11:15:00.401204	-1.23	-9.71	0.55	4.18	-8.51	2.48	-1.59	-9.07	3.35	1.47	-9.21	-3.0
11:15:00.411283	-1.24	-9.71	0.54	4.26	-8.47	2.47	-1.59	-9.02	3.49	1.47	-9.21	-3.0
11:15:00.421425	-1.25	-9.71	0.54	4.34	-8.44	2.44	-1.59	-8.96	3.64	1.45	-9.17	-3.12
11:15:00.431851	-1.27	-9.700000000000001	0.54	4.47	-8.39	2.37	-1.6	-8.89	3.81	1.45	-9.17	-3.12
11:15:00.441943	-1.28	-9.700000000000001	0.53	4.47	-8.39	2.37	-1.6	-8.81	3.98	1.4000000000000001	-9.0	-3.6
11:15:00.452297	-1.29	-9.700000000000001	0.53	4.47	-8.39	2.37	-1.6	-8.73	4.16	1.3800000000000001	-8.93	-3.8000000000000003
11:15:00.462453	-1.31	-9.700000000000001	0.52	4.58	-8.370000000000001	2.23	-1.6	-8.63	4.36	1.36	-8.84	-4.0
11:15:00.472516	-1.32	-9.700000000000001	0.52	4.58	-8.370000000000001	2.23	-1.59	-8.52	4.57	1.33	-8.74	-4.23
11:15:00.482590	-1.33	-9.700000000000001	0.53	4.6000000000000005	-8.39	2.12	-1.59	-8.52	4.57	1.33	-8.74	-4.23
11:15:00.492701	-1.36	-9.69	0.55	4.6000000000000005	-8.39	2.12	-1.55	-8.28	5.01	1.33	-8.74	-4.23
11:15:00.503129	-1.3800000000000001	-9.69	0.58	4.54	-8.45	2.0	-1.54	-8.14	5.23	1.32	-8.49	-4.71
11:15:00.513443	-1.4000000000000001	-9.68	0.61	4.54	-8.45	2.0	-1.53	-7.99	5.47	1.37	-7.95	-5.5600000000000005
11:15:00.523576	-1.42	-9.68	0.63	4.39	-8.58	1.77	-1.5	-7.82	5.71	1.37	-7.95	-5.5600000000000005
11:15:00.534207	-1.42	-9.68	0.63	4.28	-8.67	1.62	-1.5	-7.82	5.71	1.3800000000000001	-7.48	-6.17
11:15:00.544338	-1.43	-9.68	0.63	4.14	-8.76	1.46	-1.5	-7.82	5.71	1.32	-7.22	-6.49
11:15:00.554905	-1.43	-9.67	0.64	3.97	-8.870000000000001	1.29	-1.5	-7.82	5.71	1.32	-7.22	-6.49
11:15:00.565010	-1.44	-9.67	0.64	3.97	-8.870000000000001	1.29	-1.5	-7.82	5.71	0.9500000000000001	-6.59	-7.19
11:15:00.575181	-1.44	-9.67	0.66	3.58	-9.07	0.96	-1.5	-7.82	5.71	0.9500000000000001	-6.59	-7.19
11:15:00.585254	-1.43	-9.67	0.68	3.58	-9.07	0.96	-1.32	-7.47	6.21	-0.26	-5.89	-7.83
11:15:00.595356	-1.42	-9.67	0.7000000000000001	3.58	-9.07	0.96	-1.32	-7.47	6.21	-0.52	-5.5200000000000005	-8.08
11:15:00.605439	-1.3900000000000001	-9.67	0.72	2.9	-9.34	0.66	-1.32	-7.47	6.21	-0.52	-5.5200000000000005	-8.08
11:15:00.615511	-1.36	-9.68	0.74	2.65	-9.41	0.62	-1.32	-7.47	6.21	-0.37	-5.14	-8.34
11:15:00.625585	-1.33	-9.68	0.76	2.39	-9.48	0.6	-1.32	-7.47	6.21	-0.07	-4.74	-8.57
11:15:00.636210	-1.3	-9.68	0.77	2.12	-9.55	0.5700000000000001	-1.32	-7.47	6.21	-0.37	-4.36	-8.77
11:15:00.646277	-1.28	-9.69	0.78	1.85	-9.61	0.51	-1.32	-7.47	6.21	-0.61	-4.47	-8.700000000000001
11:15:00.656358	-1.26	-9.69	0.79	1.58	-9.66	0.43	-1.32	-7.47	6.21	-0.59	-4.7	-8.58
11:15:00.666520	-1.27	-9.69	0.78	1.32	-9.71	0.35000000000000003	-1.32	-7.47	6.21	-0.65	-4.95	-8.43
11:15:00.677217	-1.27	-9.69	0.78	1.07	-9.74	0.29	-0.6900000000000001	-6.95	6.88	-0.65	-4.95	-8.43
11:15:00.687337	-1.27	-9.69	0.77	0.8200000000000001	-9.76	0.25	-0.6900000000000001	-6.95	6.88	-0.65	-4.95	-8.43
11:15:00.697410	-1.27	-9.69	0.76	0.59	-9.78	0.23	-0.6900000000000001	-6.95	6.88	-0.65	-4.95	-8.43
11:15:00.707657	-1.27	-9.69	0.76	0.59	-9.78	0.23	-0.31	-5.97	7.7700000000000005	-0.65	-4.95	-8.43
11:15:00.717776	-1.26	-9.69	0.76	0.37	-9.790000000000001	0.21	-0.41000000000000003	-6.43	7.38	-0.65	-4.95	-8.43
11:15:00.727878	-1.25	-9.69	0.75	-0.01	-9.8	0.21	-0.61	-6.84	7.0	-0.9400000000000001	-5.78	-7.86
11:15:00.737998	-1.23	-9.69	0.75	-0.2	-9.8	0.22	-0.7000000000000001	-7.07	6.75	-0.6900000000000001	-6.04	-7.69
11:15:00.748072	-1.19	-9.700000000000001	0.74	-0.36	-9.790000000000001	0.25	-0.89	-7.5600000000000005	6.17	-0.6900000000000001	-6.04	-7.69
11:15:00.758204	-1.17	-9.700000000000001	0.74	-0.52	-9.78	0.3	-0.99	-7.82	5.83	-0.1	-6.640000000000001	-7.21
11:15:00.768312	-1.1500000000000001	-9.71	0.73	-0.66	-9.77	0.35000000000000003	-1.1	-8.07	5.44	0.05	-6.93	-6.93
11:15:00.778889	-1.1300000000000001	-9.71	0.73	-0.78	-9.76	0.41000000000000003	-1.1	-8.07	5.44	0.25	-7.2	-6.640000000000001
11:15:00.788960	-1.11	-9.71	0.72	-0.89	-9.75	0.46	-1.1	-8.07	5.44	0.52	-7.47	-6.33
11:15:00.799090	-1.1	-9.71	0.72	-0.98	-9.74	0.51	-1.1	-8.07	5.44	0.77	-7.75	-5.94
11:15:00.809203	-1.09	-9.71	0.71	-1.05	-9.73	0.5700000000000001	-1.1	-8.07	5.44	0.97	-8.05	-5.51
11:15:00.819273	-1.08	-9.72	0.71	-1.1	-9.72	0.64	-1.1	-8.07	5.44	1.16	-8.33	-5.03
11:15:00.829710	-1.08	-9.72	0.71	-1.1400000000000001	-9.71	0.7000000000000001	-1.32	-8.81	4.09	1.34	-8.58	-4.55
11:15:00.839850	-1.1	-9.71	0.68	-1.16	-9.700000000000001	0.77	-1.33	-9.38	2.49	1.51	-8.790000000000001	-4.0600000000000005
11:15:00.850094	-1.1	-9.71	0.6900000000000001	-1.18	-9.69	0.8300000000000001	-1.27	-9.620000000000001	1.36	1.69	-8.97	-3.56
11:15:00.860561	-1.1	-9.71	0.7000000000000001	-1.18	-9.69	0.89	-1.24	-9.69	0.79	2.38	-9.39	-1.48
11:15:00.870627	-1.1	-9.71	0.71	-1.17	-9.68	0.96	-1.24	-9.69	0.79	2.56	-9.41	-0.97
11:15:00.880909	-1.1	-9.71	0.71	-1.17	-9.68	1.03	-1.23	-9.72	-0.31	2.73	-9.4	-0.47000000000000003
11:15:00.890981	-1.1	-9.71	0.71	-1.16	-9.67	1.11	-1.23	-9.72	-0.31	2.73	-9.4	-0.47000000000000003
11:15:00.901055	-1.11	-9.71	0.73	-1.1500000000000001	-9.66	1.17	-1.23	-9.72	-0.31	2.73	-9.4	-0.47000000000000003
11:15:00.911134	-1.12	-9.71	0.77	-1.16	-9.65	1.22	-1.23	-9.72	-0.31	2.73	-9.4	-0.47000000000000003
11:15:00.921211	-1.1300000000000001	-9.700000000000001	0.79	-1.17	-9.65	1.26	-1.23	-9.72	-0.31	3.41	-9.120000000000001	1.1500000000000001
11:15:00.931334	-1.1300000000000001	-9.700000000000001	0.79	-1.18	-9.64	1.3	-1.23	-9.72	-0.31	3.5700000000000003	-9.02	1.4000000000000001
11:15:00.941807	-1.1400000000000001	-9.700000000000001	0.81	-1.21	-9.63	1.36	-1.3	-9.47	-2.15	3.73	-8.92	1.58
11:15:00.951911	-1.1500000000000001	-9.700000000000001	0.8300000000000001	-1.27	-9.59	1.55	-1.43	-9.3	-2.75	3.73	-8.92	1.58
11:15:00.962035	-1.16	-9.69	0.85	-1.3	-9.57	1.67	-1.43	-9.3	-2.75	3.88	-8.84	1.7
11:15:00.972174	-1.17	-9.69	0.86	-1.33	-9.55	1.77	-1.43	-9.3	-2.75	3.88	-8.84	1.7
11:15:00.982699	-1.19	-9.69	0.88	-1.36	-9.53	1.82	-1.6300000000000001	-9.14	-3.14	4.09	-8.72	1.8
11:15:00.992824	-1.19	-9.69	0.88	-1.3900000000000001	-9.52	1.85	-1.6300000000000001	-9.14	-3.14	4.11	-8.700000000000001	1.82
11:15:01.002949	-1.22	-9.68	0.91	-1.41	-9.51	1.87	-1.6300000000000001	-9.14	-3.14	4.05	-8.75	1.73
11:15:01.013075	-1.23	-9.68	0.92	-1.43	-9.51	1.9000000000000001	-1.6300000000000001	-9.14	-3.14	4.0	-8.8	1.6400000000000001
11:15:01.023193	-1.25	-9.67	0.9400000000000001	-1.45	-9.5	1.93	-1.6300000000000001	-9.14	-3.14	3.89	-8.89	1.37
11:15:01.033543	-1.27	-9.67	0.96	-1.45	-9.49	1.96	-1.6300000000000001	-9.14	-3.14	3.81	-8.950000000000001	1.21
11:15:01.043830	-1.29	-9.67	0.97	-1.43	-9.48	2.0100000000000002	-1.6300000000000001	-9.14	-3.14	3.47	-9.11	0.98
11:15:01.054326	-1.32	-9.66	0.98	-1.3800000000000001	-9.48	2.07	-1.6300000000000001	-9.14	-3.14	2.86	-9.31	1.1
11:15:01.064548	-1.34	-9.66	0.99	-1.3	-9.47	2.15	-1.6300000000000001	-9.14	-3.14	2.27	-9.44	1.3
11:15:01.074734	-1.37	-9.65	1.0	-1.1300000000000001	-9.46	2.32	-1.6300000000000001	-9.14	-3.14	2.27	-9.44	1.3
11:15:01.085163	-1.41	-9.65	1.0	-1.1300000000000001	-9.46	2.32	-1.68	-9.51	-1.69	2.27	-9.44	1.3
11:15:01.095525	-1.45	-9.64	0.99	-1.07	-9.47	2.3000000000000003	-1.58	-9.53	-1.6300000000000001	2.0	-9.57	-0.62
11:15:01.105765	-1.49	-9.64	0.97	-1.12	-9.51	2.09	-1.58	-9.53	-1.6300000000000001	2.72	-9.39	-0.6900000000000001
11:15:01.115839	-1.52	-9.64	0.9500000000000001	-1.12	-9.51	2.09	-1.58	-9.53	-1.6300000000000001	2.7800000000000002	-9.33	-1.1300000000000001
11:15:01.125917	-1.52	-9.64	0.92	-1.1	-9.55	1.92	-1.58	-9.53	-1.6300000000000001	2.65	-9.26	-1.78
11:15:01.136010	-1.52	-9.64	0.91	-1.1	-9.55	1.92	-1.55	-9.65	-0.75	2.62	-9.24	-1.92
11:15:01.146128	-1.48	-9.65	0.86	-0.84	-9.56	1.99	-1.58	-9.66	-0.5700000000000001	2.62	-9.24	-1.92
11:15:01.156200	-1.48	-9.65	0.86	-0.6900000000000001	-9.55	2.09	-1.6300000000000001	-9.66	-0.41000000000000003	2.63	-9.27	-1.78
11:15:01.166303	-1.46	-9.65	0.84	-0.54	-9.53	2.21	-1.6300000000000001	-9.66	-0.41000000000000003	2.52	-9.27	-1.95
11:15:01.176409	-1.42	-9.67	0.78	-0.41000000000000003	-9.52	2.31	-1.73	-9.65	-0.13	2.43	-9.27	-2.0300000000000002
11:15:01.186596	-1.4000000000000001	-9.67	0.75	-0.28	-9.51	2.34	-1.77	-9.64	0.01	2.43	-9.27	-2.0300000000000002
11:15:01.196713	-1.3800000000000001	-9.68	0.72	-0.16	-9.52	2.33	-1.77	-9.64	0.01	2.37	-9.32	-1.9000000000000001
11:15:01.206869	-1.37	-9.68	0.7000000000000001	-0.03	-9.52	2.32	-1.81	-9.63	0.32	2.33	-9.32	-1.92
11:15:01.217497	-1.36	-9.68	0.68	0.11	-9.52	2.32	-1.81	-9.620000000000001	0.46	2.33	-9.32	-1.92
11:15:01.227566	-1.36	-9.68	0.66	0.25	-9.52	2.32	-1.83	-9.61	0.62	2.3000000000000003	-9.31	-2.02
11:15:01.238188	-1.36	-9.68	0.65	0.25	-9.52	2.32	-1.83	-9.61	0.62	2.3000000000000003	-9.3	-2.06
11:15:01.248520	-1.35	-9.68	0.66	0.54	-9.49	2.39	-1.87	-9.59	0.73	2.29	-9.3	-2.1
11:15:01.258735	-1.35	-9.69	0.66	0.68	-9.48	2.41	-1.8900000000000001	-9.58	0.79	2.27	-9.290000000000001	-2.12
11:15:01.269159	-1.34	-9.69	0.67	0.8200000000000001	-9.46	2.42	-1.9000000000000001	-9.58	0.86	2.25	-9.290000000000001	-2.15
11:15:01.279587	-1.33	-9.69	0.67	0.98	-9.44	2.44	-1.9000000000000001	-9.57	0.93	2.23	-9.290000000000001	-2.18
11:15:01.289661	-1.32	-9.69	0.68	1.1500000000000001	-9.41	2.48	-1.9000000000000001	-9.56	1.01	2.23	-9.290000000000001	-2.18
11:15:01.299737	-1.31	-9.69	0.68	1.32	-9.38	2.52	-1.9000000000000001	-9.55	1.09	2.16	-9.290000000000001	-2.25
11:15:01.309819	-1.3	-9.69	0.6900000000000001	1.5	-9.34	2.5500000000000003	-1.8900000000000001	-9.55	1.17	2.12	-9.3	-2.27
11:15:01.319977	-1.29	-9.69	0.6900000000000001	1.67	-9.31	2.57	-1.8900000000000001	-9.540000000000001	1.24	2.08	-9.3	-2.29
11:15:01.330043	-1.28	-9.69	0.7000000000000001	1.83	-9.27	2.59	-1.8900000000000001	-9.53	1.31	2.07	-9.3	-2.31
11:15:01.340206	-1.27	-9.69	0.7000000000000001	1.83	-9.27	2.59	-1.9000000000000001	-9.52	1.37	2.06	-9.290000000000001	-2.33
11:15:01.350271	-1.25	-9.69	0.71	2.13	-9.21	2.59	-1.9000000000000001	-9.51	1.42	2.05	-9.290000000000001	-2.36
11:15:01.360374	-1.25	-9.700000000000001	0.71	2.27	-9.18	2.59	-1.9100000000000001	-9.5	1.48	2.05	-9.28	-2.39
11:15:01.370443	-1.24	-9.700000000000001	0.71	2.4	-9.14	2.59	-1.92	-9.48	1.54	2.04	-9.28	-2.42
11:15:01.380519	-1.23	-9.700000000000001	0.72	2.52	-9.11	2.6	-1.93	-9.47	1.61	2.0100000000000002	-9.27	-2.44
11:15:01.390644	-1.22	-9.700000000000001	0.72	2.64	-9.07	2.62	-1.93	-9.46	1.68	2.0100000000000002	-9.27	-2.44
11:15:01.400719	-1.21	-9.700000000000001	0.73	2.75	-9.03	2.63	-1.93	-9.450000000000001	1.74	1.97	-9.28	-2.47
11:15:01.410800	-1.21	-9.700000000000001	0.73	2.85	-8.99	2.65	-1.94	-9.44	1.8	1.97	-9.28	-2.47
11:15:01.420866	-1.21	-9.700000000000001	0.73	2.96	-8.950000000000001	2.67	-1.95	-9.42	1.87	1.85	-9.27	-2.58
11:15:01.430950	-1.21	-9.700000000000001	0.73	3.06	-8.91	2.69	-1.96	-9.4	1.94	1.83	-9.27	-2.61
11:15:01.441022	-1.21	-9.700000000000001	0.73	3.06	-8.91	2.69	-1.97	-9.39	2.0100000000000002	1.83	-9.27	-2.61
11:15:01.451140	-1.27	-9.69	0.77	3.27	-8.83	2.7	-1.98	-9.370000000000001	2.09	1.83	-9.27	-2.61
11:15:01.461896	-1.41	-9.66	0.81	3.38	-8.790000000000001	2.71	-2.0	-9.35	2.17	1.79	-9.26	-2.67
11:15:01.471963	-1.42	-9.66	0.8	3.6	-8.69	2.73	-2.0100000000000002	-9.32	2.25	1.75	-9.24	-2.75
11:15:01.482146	-1.42	-9.66	0.8	3.7	-8.65	2.74	-2.0300000000000002	-9.3	2.35	1.73	-9.23	-2.79
11:15:01.492771	-1.44	-9.66	0.77	3.79	-8.6	2.7600000000000002	-2.04	-9.27	2.44	1.73	-9.23	-2.79
11:15:01.502907	-1.45	-9.66	0.76	3.88	-8.56	2.77	-2.06	-9.24	2.5500000000000003	1.72	-9.23	-2.82
11:15:01.513018	-1.45	-9.66	0.74	3.96	-8.52	2.7800000000000002	-2.08	-9.200000000000001	2.66	1.77	-9.18	-2.93
11:15:01.523149	-1.45	-9.67	0.73	4.03	-8.48	2.79	-2.08	-9.16	2.79	1.77	-9.14	-3.06
11:15:01.533795	-1.45	-9.67	0.73	4.09	-8.45	2.79	-2.08	-9.120000000000001	2.93	1.77	-9.11	-3.13
11:15:01.543929	-1.45	-9.67	0.72	4.15	-8.43	2.7800000000000002	-2.08	-9.07	3.0700000000000003	1.76	-9.08	-3.23
11:15:01.554028	-1.45	-9.67	0.72	4.21	-8.41	2.7600000000000002	-2.07	-9.02	3.23	1.72	-9.05	-3.34
11:15:01.564681	-1.46	-9.67	0.71	4.26	-8.39	2.74	-2.06	-8.96	3.39	1.68	-9.01	-3.47
11:15:01.574833	-1.46	-9.66	0.71	4.3	-8.38	2.7	-2.05	-8.9	3.56	1.6600000000000001	-8.950000000000001	-3.62
11:15:01.585489	-1.47	-9.66	0.72	4.3500000000000005	-8.370000000000001	2.65	-2.05	-8.83	3.73	1.6600000000000001	-8.950000000000001	-3.62
11:15:01.595580	-1.48	-9.66	0.72	4.38	-8.370000000000001	2.59	-2.0300000000000002	-8.75	3.92	1.6400000000000001	-8.89	-3.79
11:15:01.605708	-1.49	-9.66	0.72	4.41	-8.370000000000001	2.5300000000000002	-2.02	-8.66	4.11	1.62	-8.81	-3.97
11:15:01.615973	-1.49	-9.66	0.72	4.43	-8.38	2.47	-2.0	-8.57	4.3100000000000005	1.6	-8.73	-4.16
11:15:01.626039	-1.49	-9.66	0.74	4.43	-8.4	2.42	-1.97	-8.46	4.53	1.58	-8.63	-4.36
11:15:01.636381	-1.5	-9.66	0.76	4.41	-8.43	2.36	-1.94	-8.35	4.75	1.59	-8.39	-4.8100000000000005
11:15:01.646626	-1.52	-9.65	0.78	4.36	-8.48	2.27	-1.92	-8.22	4.98	1.59	-8.39	-4.8100000000000005
11:15:01.656780	-1.53	-9.65	0.81	4.29	-8.540000000000001	2.14	-1.92	-8.22	4.98	1.59	-8.39	-4.8100000000000005
11:15:01.666911	-1.53	-9.64	0.8300000000000001	4.2	-8.63	1.99	-1.8800000000000001	-7.91	5.46	1.59	-8.39	-4.8100000000000005
11:15:01.677040	-1.53	-9.64	0.84	4.07	-8.73	1.81	-1.83	-7.74	5.73	1.6500000000000001	-7.63	-5.93
11:15:01.687532	-1.52	-9.65	0.85	3.91	-8.84	1.62	-1.73	-7.55	6.0	1.6500000000000001	-7.63	-5.93
11:15:01.697607	-1.51	-9.65	0.85	3.73	-8.950000000000001	1.44	-1.6300000000000001	-7.36	6.2700000000000005	1.62	-7.38	-6.24
11:15:01.707697	-1.5	-9.65	0.86	3.52	-9.06	1.27	-1.46	-7.16	6.53	1.3	-6.8	-6.94
11:15:01.717821	-1.5	-9.65	0.88	3.3000000000000003	-9.16	1.12	-1.24	-6.95	6.79	1.0	-6.45	-7.3100000000000005
11:15:01.727917	-1.49	-9.65	0.9	3.0700000000000003	-9.25	1.01	-0.81	-6.57	7.23	0.48	-6.11	-7.65
11:15:01.738100	-1.47	-9.65	0.92	2.83	-9.34	0.92	-0.7000000000000001	-6.38	7.4	-0.03	-5.76	-7.930000000000001
11:15:01.748703	-1.45	-9.65	0.9400000000000001	2.58	-9.42	0.86	-0.63	-6.21	7.55	-0.26	-5.4	-8.17
11:15:01.758825	-1.42	-9.65	0.97	2.32	-9.49	0.8300000000000001	-0.59	-6.07	7.67	-0.09	-5.01	-8.42
11:15:01.768995	-1.4000000000000001	-9.65	0.99	2.05	-9.55	0.81	-0.59	-5.94	7.78	0.29	-4.6000000000000005	-8.65
11:15:01.779069	-1.4000000000000001	-9.65	0.99	1.77	-9.61	0.77	-0.61	-5.82	7.86	0.38	-4.39	-8.75
11:15:01.789379	-1.36	-9.65	1.03	1.49	-9.66	0.7000000000000001	-0.61	-5.82	7.86	0.38	-4.39	-8.75
11:15:01.799609	-1.35	-9.65	1.04	1.22	-9.700000000000001	0.61	-0.6	-5.73	7.92	-0.1	-4.6000000000000005	-8.65
11:15:01.809716	-1.35	-9.65	1.04	0.97	-9.74	0.53	-0.45	-5.71	7.95	-0.23	-4.84	-8.52
11:15:01.819985	-1.36	-9.65	1.04	0.73	-9.76	0.48	-0.39	-5.7700000000000005	7.91	-0.23	-4.84	-8.52
11:15:01.830058	-1.37	-9.65	1.03	0.5	-9.78	0.45	-0.36	-5.88	7.83	-0.23	-4.84	-8.52
11:15:01.840129	-1.3800000000000001	-9.65	1.02	0.29	-9.790000000000001	0.43	-0.38	-6.01	7.73	-0.5	-5.44	-8.14
11:15:01.850260	-1.3800000000000001	-9.65	1.01	0.09	-9.790000000000001	0.43	-0.45	-6.18	7.59	-0.61	-5.82	-7.86
11:15:01.860375	-1.3800000000000001	-9.65	1.0	-0.09	-9.790000000000001	0.42	-0.56	-6.38	7.42	-0.61	-5.82	-7.86
11:15:01.870486	-1.3800000000000001	-9.65	1.0	-0.27	-9.790000000000001	0.43	-0.68	-6.6000000000000005	7.21	-0.61	-5.82	-7.86
11:15:01.880556	-1.3800000000000001	-9.65	1.0	-0.44	-9.78	0.45	-0.79	-6.84	6.98	-0.3	-6.49	-7.34
11:15:01.890623	-1.37	-9.65	0.99	-0.59	-9.77	0.47000000000000003	-0.88	-7.09	6.71	-0.3	-6.49	-7.34
11:15:01.900699	-1.36	-9.66	0.98	-0.73	-9.76	0.51	-0.98	-7.3500000000000005	6.4	0.01	-6.79	-7.0600000000000005
11:15:01.910786	-1.34	-9.66	0.98	-0.86	-9.75	0.55	-1.09	-7.62	6.0600000000000005	0.2	-7.09	-6.76
11:15:01.920913	-1.33	-9.66	0.97	-0.97	-9.74	0.58	-1.21	-7.890000000000001	5.68	0.2	-7.09	-6.76
11:15:01.930993	-1.32	-9.66	0.9500000000000001	-1.06	-9.72	0.61	-1.31	-8.16	5.26	0.2	-7.09	-6.76
11:15:01.941064	-1.3	-9.67	0.9400000000000001	-1.1300000000000001	-9.71	0.64	-1.4000000000000001	-8.42	4.8100000000000005	0.6	-7.61	-6.15
11:15:01.951131	-1.29	-9.67	0.93	-1.18	-9.71	0.68	-1.45	-8.67	4.33	0.89	-7.88	-5.76
11:15:01.961206	-1.27	-9.67	0.91	-1.21	-9.700000000000001	0.73	-1.48	-8.9	3.83	0.89	-7.88	-5.76
11:15:01.971302	-1.26	-9.68	0.9	-1.23	-9.69	0.78	-1.49	-9.1	3.3000000000000003	0.89	-7.88	-5.76
11:15:01.981380	-1.25	-9.68	0.89	-1.24	-9.69	0.84	-1.49	-9.290000000000001	2.7600000000000002	1.29	-8.42	-4.8500000000000005
11:15:01.991473	-1.23	-9.68	0.88	-1.24	-9.68	0.91	-1.47	-9.44	2.2	1.29	-8.42	-4.8500000000000005
11:15:02.001600	-1.23	-9.68	0.87	-1.24	-9.67	0.99	-1.47	-9.44	2.2	2.5100000000000002	-9.39	-1.27
11:15:02.011671	-1.22	-9.69	0.87	-1.23	-9.66	1.08	-1.42	-9.64	1.08	2.5100000000000002	-9.39	-1.27
11:15:02.021770	-1.22	-9.69	0.87	-1.24	-9.64	1.26	-1.41	-9.68	0.54	2.5100000000000002	-9.39	-1.27
11:15:02.032421	-1.22	-9.69	0.87	-1.25	-9.63	1.33	-1.4000000000000001	-9.700000000000001	0.02	2.87	-9.36	-0.41000000000000003
11:15:02.042660	-1.22	-9.68	0.88	-1.27	-9.620000000000001	1.3900000000000001	-1.4000000000000001	-9.69	-0.47000000000000003	3.0500000000000003	-9.31	-0.01
11:15:02.052731	-1.23	-9.68	0.89	-1.29	-9.61	1.45	-1.4000000000000001	-9.66	-0.92	3.0500000000000003	-9.31	-0.01
11:15:02.062799	-1.24	-9.68	0.9	-1.3	-9.6	1.51	-1.3900000000000001	-9.61	-1.34	3.49	-9.1	1.05
11:15:02.072884	-1.26	-9.68	0.91	-1.32	-9.58	1.57	-1.3800000000000001	-9.55	-1.7	3.49	-9.1	1.05
11:15:02.082956	-1.27	-9.67	0.93	-1.34	-9.57	1.6300000000000001	-1.37	-9.49	-2.0100000000000002	3.49	-9.1	1.05
11:15:02.093426	-1.29	-9.67	0.9400000000000001	-1.36	-9.56	1.68	-1.37	-9.44	-2.27	3.49	-9.1	1.05
11:15:02.103819	-1.3	-9.67	0.96	-1.3900000000000001	-9.55	1.69	-1.37	-9.39	-2.46	3.81	-8.83	1.85
11:15:02.113919	-1.32	-9.66	0.97	-1.41	-9.55	1.68	-1.37	-9.35	-2.58	3.81	-8.83	1.85
11:15:02.124722	-1.33	-9.66	0.98	-1.41	-9.55	1.67	-1.3800000000000001	-9.34	-2.63	3.81	-8.83	1.85
11:15:02.135300	-1.35	-9.66	0.99	-1.41	-9.56	1.6600000000000001	-1.3900000000000001	-9.34	-2.62	3.79	-8.85	1.83
11:15:02.145475	-1.37	-9.65	1.0	-1.41	-9.55	1.67	-1.3900000000000001	-9.36	-2.54	3.68	-8.92	1.69
11:15:02.155574	-1.4000000000000001	-9.65	1.03	-1.41	-9.55	1.69	-1.4000000000000001	-9.39	-2.41	3.62	-8.97	1.57
11:15:02.165669	-1.4000000000000001	-9.65	1.03	-1.4000000000000001	-9.540000000000001	1.74	-1.41	-9.44	-2.24	3.62	-8.97	1.57
11:15:02.175781	-1.43	-9.64	1.04	-1.3900000000000001	-9.540000000000001	1.79	-1.42	-9.48	-2.0300000000000002	3.3200000000000003	-9.13	1.28
11:15:02.186345	-1.45	-9.64	1.05	-1.35	-9.53	1.85	-1.44	-9.53	-1.8	3.3200000000000003	-9.13	1.28
11:15:02.196435	-1.48	-9.63	1.05	-1.29	-9.52	1.9100000000000001	-1.45	-9.56	-1.57	2.85	-9.31	1.08
11:15:02.206509	-1.51	-9.63	1.05	-1.23	-9.52	1.97	-1.48	-9.59	-1.3800000000000001	2.85	-9.31	1.08
11:15:02.216583	-1.54	-9.620000000000001	1.04	-1.19	-9.52	2.02	-1.46	-9.6	-1.29	2.85	-9.31	1.08
11:15:02.226661	-1.54	-9.620000000000001	1.04	-1.18	-9.52	2.02	-1.3900000000000001	-9.620000000000001	-1.21	1.95	-9.58	-0.6900000000000001
11:15:02.236735	-1.6300000000000001	-9.61	0.99	-1.19	-9.53	1.95	-1.34	-9.65	-1.09	2.52	-9.450000000000001	-0.6
11:15:02.246809	-1.6500000000000001	-9.61	0.97	-1.19	-9.540000000000001	1.8800000000000001	-1.33	-9.67	-0.91	2.52	-9.450000000000001	-0.6
11:15:02.256878	-1.6400000000000001	-9.61	0.96	-1.16	-9.57	1.79	-1.34	-9.68	-0.73	2.65	-9.32	-1.47
11:15:02.266980	-1.62	-9.620000000000001	0.96	-1.06	-9.59	1.73	-1.36	-9.69	-0.52	2.65	-9.32	-1.47
11:15:02.277077	-1.6	-9.620000000000001	0.9500000000000001	-0.91	-9.6	1.76	-1.3900000000000001	-9.700000000000001	-0.31	2.65	-9.32	-1.47
11:15:02.287515	-1.58	-9.63	0.93	-0.75	-9.6	1.85	-1.43	-9.69	-0.11	2.65	-9.32	-1.47
11:15:02.298025	-1.56	-9.63	0.91	-0.58	-9.58	1.97	-1.48	-9.69	0.06	2.4	-9.32	-1.85
11:15:02.308137	-1.54	-9.64	0.89	-0.42	-9.57	2.08	-1.58	-9.67	0.32	2.2600000000000002	-9.33	-1.98
11:15:02.318234	-1.5	-9.65	0.86	-0.28	-9.56	2.13	-1.61	-9.66	0.45	2.19	-9.35	-1.98
11:15:02.328369	-1.48	-9.65	0.8300000000000001	-0.15	-9.56	2.14	-1.62	-9.65	0.58	2.18	-9.36	-1.9000000000000001
11:15:02.338469	-1.45	-9.66	0.8	-0.02	-9.57	2.13	-1.62	-9.65	0.58	2.18	-9.36	-1.9000000000000001
11:15:02.348909	-1.44	-9.66	0.78	0.12	-9.57	2.13	-1.62	-9.63	0.86	2.18	-9.36	-1.9000000000000001
11:15:02.358999	-1.42	-9.67	0.77	0.27	-9.56	2.12	-1.62	-9.620000000000001	0.97	2.12	-9.36	-1.98
11:15:02.369103	-1.41	-9.67	0.77	0.43	-9.56	2.13	-1.6300000000000001	-9.61	1.05	2.11	-9.35	-2.06
11:15:02.379666	-1.3900000000000001	-9.67	0.77	0.59	-9.540000000000001	2.15	-1.6600000000000001	-9.6	1.11	2.12	-9.34	-2.09
11:15:02.389764	-1.3800000000000001	-9.67	0.77	0.74	-9.53	2.17	-1.68	-9.58	1.17	2.12	-9.34	-2.09
11:15:02.400212	-1.37	-9.67	0.78	0.89	-9.51	2.18	-1.7	-9.57	1.23	2.11	-9.33	-2.14
11:15:02.410312	-1.35	-9.67	0.79	1.06	-9.49	2.19	-1.71	-9.56	1.3	2.11	-9.32	-2.17
11:15:02.420386	-1.34	-9.68	0.8	1.23	-9.47	2.21	-1.72	-9.55	1.37	2.1	-9.31	-2.21
11:15:02.430966	-1.32	-9.68	0.8	1.4000000000000001	-9.44	2.24	-1.72	-9.540000000000001	1.45	2.1	-9.31	-2.21
11:15:02.441108	-1.3	-9.68	0.81	1.58	-9.4	2.2800000000000002	-1.72	-9.53	1.54	2.1	-9.31	-2.21
11:15:02.451246	-1.28	-9.68	0.8200000000000001	1.76	-9.36	2.31	-1.71	-9.51	1.62	1.97	-9.32	-2.29
11:15:02.461314	-1.26	-9.68	0.8200000000000001	1.92	-9.32	2.33	-1.71	-9.5	1.69	1.94	-9.32	-2.31
11:15:02.471383	-1.24	-9.69	0.8300000000000001	2.07	-9.290000000000001	2.34	-1.71	-9.49	1.76	1.94	-9.32	-2.31
11:15:02.481462	-1.22	-9.69	0.84	2.32	-9.23	2.35	-1.71	-9.47	1.83	1.94	-9.32	-2.31
11:15:02.491649	-1.2	-9.69	0.84	2.44	-9.19	2.35	-1.72	-9.46	1.9000000000000001	1.94	-9.32	-2.31
11:15:02.501773	-1.18	-9.69	0.85	2.56	-9.16	2.36	-1.73	-9.44	1.97	1.85	-9.3	-2.46
11:15:02.512371	-1.17	-9.69	0.86	2.67	-9.120000000000001	2.38	-1.73	-9.43	2.05	1.82	-9.3	-2.5
11:15:02.522516	-1.1500000000000001	-9.69	0.86	2.7800000000000002	-9.08	2.4	-1.73	-9.41	2.13	1.82	-9.3	-2.5
11:15:02.532611	-1.1400000000000001	-9.700000000000001	0.87	2.89	-9.05	2.41	-1.74	-9.39	2.21	1.74	-9.290000000000001	-2.59
11:15:02.542728	-1.1300000000000001	-9.700000000000001	0.87	2.99	-9.01	2.43	-1.74	-9.370000000000001	2.29	1.74	-9.290000000000001	-2.59
11:15:02.552850	-1.12	-9.700000000000001	0.88	3.08	-8.98	2.44	-1.75	-9.35	2.37	1.74	-9.290000000000001	-2.59
11:15:02.563508	-1.12	-9.700000000000001	0.88	3.18	-8.94	2.46	-1.76	-9.32	2.46	1.74	-9.290000000000001	-2.59
11:15:02.573846	-1.12	-9.700000000000001	0.87	3.2800000000000002	-8.9	2.47	-1.78	-9.3	2.54	1.6	-9.28	-2.72
11:15:02.584587	-1.12	-9.700000000000001	0.86	3.38	-8.86	2.48	-1.79	-9.27	2.63	1.55	-9.27	-2.7600000000000002
11:15:02.594653	-1.12	-9.700000000000001	0.85	3.48	-8.82	2.49	-1.81	-9.24	2.72	1.52	-9.27	-2.8000000000000003
11:15:02.604726	-1.1300000000000001	-9.700000000000001	0.8300000000000001	3.58	-8.77	2.5	-1.82	-9.21	2.81	1.46	-9.26	-2.87
11:15:02.614797	-1.1400000000000001	-9.700000000000001	0.8200000000000001	3.68	-8.73	2.5100000000000002	-1.84	-9.18	2.9	1.47	-9.24	-2.91
11:15:02.624865	-1.16	-9.700000000000001	0.8	3.7800000000000002	-8.68	2.5300000000000002	-1.85	-9.15	2.99	1.51	-9.22	-2.95
11:15:02.634992	-1.17	-9.700000000000001	0.78	3.87	-8.63	2.56	-1.86	-9.11	3.08	1.49	-9.200000000000001	-3.0100000000000002
11:15:02.645054	-1.19	-9.700000000000001	0.76	3.97	-8.58	2.58	-1.8800000000000001	-9.08	3.17	1.46	-9.19	-3.08
11:15:02.655130	-1.2	-9.700000000000001	0.74	4.0600000000000005	-8.53	2.61	-1.8800000000000001	-9.05	3.27	1.45	-9.17	-3.14
11:15:02.665225	-1.23	-9.700000000000001	0.71	4.15	-8.48	2.62	-1.87	-9.01	3.38	1.44	-9.14	-3.21
11:15:02.675334	-1.25	-9.700000000000001	0.7000000000000001	4.24	-8.44	2.61	-1.85	-8.97	3.5	1.4000000000000001	-9.120000000000001	-3.31
11:15:02.685578	-1.25	-9.700000000000001	0.7000000000000001	4.32	-8.41	2.59	-1.84	-8.92	3.62	1.4000000000000001	-9.120000000000001	-3.31
11:15:02.695663	-1.26	-9.69	0.6900000000000001	4.39	-8.38	2.56	-1.84	-8.92	3.62	1.4000000000000001	-9.120000000000001	-3.31
11:15:02.705782	-1.27	-9.69	0.6900000000000001	4.45	-8.36	2.5300000000000002	-1.83	-8.8	3.89	1.32	-8.99	-3.68
11:15:02.716220	-1.29	-9.69	0.6900000000000001	4.51	-8.34	2.48	-1.82	-8.74	4.05	1.3	-8.92	-3.84
11:15:02.726347	-1.3	-9.69	0.68	4.5600000000000005	-8.33	2.43	-1.82	-8.66	4.21	1.28	-8.85	-4.01
11:15:02.736431	-1.31	-9.69	0.68	4.59	-8.33	2.38	-1.81	-8.57	4.38	1.26	-8.76	-4.21
11:15:02.746497	-1.33	-9.69	0.68	4.61	-8.33	2.31	-1.81	-8.48	4.5600000000000005	1.23	-8.66	-4.41
11:15:02.756569	-1.34	-9.68	0.68	4.62	-8.35	2.25	-1.81	-8.370000000000001	4.76	1.2	-8.55	-4.63
11:15:02.766742	-1.34	-9.68	0.68	4.6000000000000005	-8.370000000000001	2.19	-1.8	-8.25	4.97	1.2	-8.55	-4.63
11:15:02.777424	-1.36	-9.68	0.7000000000000001	4.57	-8.4	2.13	-1.77	-8.120000000000001	5.19	1.2	-8.55	-4.63
11:15:02.787634	-1.42	-9.67	0.76	4.51	-8.45	2.05	-1.74	-7.98	5.42	1.2	-8.55	-4.63
11:15:02.797698	-1.44	-9.66	0.79	4.43	-8.53	1.93	-1.73	-7.82	5.64	1.26	-7.91	-5.65
11:15:02.808050	-1.45	-9.66	0.8	4.32	-8.620000000000001	1.78	-1.71	-7.65	5.88	1.26	-7.91	-5.65
11:15:02.818118	-1.45	-9.66	0.81	4.17	-8.72	1.6	-1.59	-7.28	6.37	1.23	-7.44	-6.26
11:15:02.828222	-1.45	-9.66	0.81	4.0	-8.83	1.43	-1.44	-7.08	6.62	1.23	-7.44	-6.26
11:15:02.838349	-1.45	-9.66	0.81	3.8000000000000003	-8.94	1.27	-1.22	-6.88	6.87	1.23	-7.44	-6.26
11:15:02.848999	-1.46	-9.66	0.8300000000000001	3.6	-9.05	1.12	-0.97	-6.69	7.09	1.18	-7.17	-6.58
11:15:02.859066	-1.46	-9.65	0.84	3.38	-9.15	0.99	-0.76	-6.51	7.28	1.18	-7.17	-6.58
11:15:02.869171	-1.46	-9.65	0.86	3.14	-9.24	0.89	-0.62	-6.33	7.45	1.18	-7.17	-6.58
11:15:02.879275	-1.45	-9.65	0.88	2.9	-9.33	0.8200000000000001	-0.52	-6.15	7.61	1.18	-7.17	-6.58
11:15:02.889415	-1.43	-9.65	0.9	2.65	-9.4	0.79	-0.44	-5.98	7.75	1.18	-7.17	-6.58
11:15:02.899518	-1.41	-9.66	0.92	2.4	-9.47	0.76	-0.44	-5.98	7.75	-0.28	-4.63	-8.63
11:15:02.909672	-1.3800000000000001	-9.66	0.93	2.14	-9.540000000000001	0.73	-0.42	-5.73	7.94	-0.28	-4.63	-8.63
11:15:02.919792	-1.36	-9.66	0.93	1.87	-9.6	0.66	-0.44	-5.62	8.02	-0.28	-4.63	-8.63
11:15:02.930286	-1.35	-9.66	0.93	1.61	-9.65	0.58	-0.4	-5.55	8.07	-0.28	-4.63	-8.63
11:15:02.940560	-1.34	-9.66	0.92	1.35	-9.69	0.51	-0.34	-5.53	8.08	-0.72	-4.65	-8.6
11:15:02.950628	-1.34	-9.66	0.92	1.1	-9.73	0.45	-0.3	-5.5600000000000005	8.06	-0.72	-4.65	-8.6
11:15:02.960697	-1.34	-9.67	0.9	0.86	-9.75	0.41000000000000003	-0.3	-5.63	8.01	-0.72	-4.65	-8.6
11:15:02.970770	-1.34	-9.67	0.89	0.64	-9.77	0.37	-0.33	-5.74	7.930000000000001	-0.72	-4.65	-8.6
11:15:02.980874	-1.34	-9.67	0.88	0.43	-9.790000000000001	0.35000000000000003	-0.39	-5.88	7.83	-1.03	-5.87	-7.78
11:15:02.990992	-1.33	-9.67	0.88	0.22	-9.790000000000001	0.35000000000000003	-0.49	-6.0600000000000005	7.69	-1.03	-5.87	-7.78
11:15:03.001112	-1.32	-9.67	0.87	0.03	-9.8	0.35000000000000003	-0.6	-6.26	7.5200000000000005	-1.03	-5.87	-7.78
11:15:03.011231	-1.31	-9.67	0.87	-0.3	-9.790000000000001	0.37	-0.7000000000000001	-6.48	7.32	-0.1	-6.69	-7.16
11:15:03.021334	-1.29	-9.68	0.87	-0.45	-9.78	0.4	-0.79	-6.72	7.08	-0.1	-6.69	-7.16
11:15:03.031998	-1.28	-9.68	0.87	-0.59	-9.77	0.44	-0.89	-6.98	6.82	-0.1	-6.69	-7.16
11:15:03.042082	-1.26	-9.68	0.87	-0.71	-9.76	0.47000000000000003	-0.99	-7.25	6.5200000000000005	-0.1	-6.69	-7.16
11:15:03.052158	-1.24	-9.68	0.87	-0.8200000000000001	-9.75	0.51	-1.12	-7.5200000000000005	6.19	-0.1	-6.69	-7.16
11:15:03.062230	-1.23	-9.68	0.87	-0.91	-9.74	0.55	-1.24	-7.79	5.8100000000000005	-0.1	-6.69	-7.16
11:15:03.072308	-1.21	-9.69	0.86	-0.97	-9.73	0.6	-1.34	-8.07	5.4	-0.1	-6.69	-7.16
11:15:03.082381	-1.2	-9.69	0.86	-1.01	-9.73	0.65	-1.43	-8.33	4.96	-0.1	-6.69	-7.16
11:15:03.092467	-1.19	-9.69	0.86	-1.04	-9.72	0.72	-1.48	-8.58	4.49	-0.1	-6.69	-7.16
11:15:03.102555	-1.17	-9.69	0.85	-1.06	-9.71	0.78	-1.5	-8.82	4.0	-0.1	-6.69	-7.16
11:15:03.112644	-1.16	-9.69	0.85	-1.06	-9.71	0.84	-1.5	-9.040000000000001	3.48	-0.1	-6.69	-7.16
11:15:03.122761	-1.19	-9.69	0.8300000000000001	-1.06	-9.71	0.84	-1.5	-9.040000000000001	3.48	1.83	-9.17	-2.92
11:15:03.133240	-1.18	-9.69	0.8300000000000001	-1.06	-9.700000000000001	0.91	-1.44	-9.39	2.4	1.99	-9.290000000000001	-2.4
11:15:03.143338	-1.18	-9.69	0.84	-1.05	-9.69	1.06	-1.4000000000000001	-9.52	1.85	1.99	-9.290000000000001	-2.4
11:15:03.154058	-1.17	-9.69	0.84	-1.04	-9.68	1.1400000000000001	-1.37	-9.620000000000001	1.3	1.99	-9.290000000000001	-2.4
11:15:03.164160	-1.17	-9.69	0.85	-1.04	-9.67	1.22	-1.36	-9.68	0.76	1.99	-9.290000000000001	-2.4
11:15:03.174772	-1.17	-9.69	0.86	-1.04	-9.66	1.29	-1.36	-9.700000000000001	0.23	1.99	-9.290000000000001	-2.4
11:15:03.184846	-1.17	-9.69	0.87	-1.05	-9.65	1.35	-1.36	-9.700000000000001	-0.26	1.99	-9.290000000000001	-2.4
11:15:03.194996	-1.17	-9.69	0.87	-1.07	-9.64	1.3900000000000001	-1.3800000000000001	-9.68	-0.72	1.99	-9.290000000000001	-2.4
11:15:03.205068	-1.16	-9.69	0.9	-1.1	-9.63	1.45	-1.3900000000000001	-9.63	-1.1400000000000001	1.99	-9.290000000000001	-2.4
11:15:03.215159	-1.16	-9.69	0.92	-1.1300000000000001	-9.620000000000001	1.52	-1.41	-9.58	-1.52	1.99	-9.290000000000001	-2.4
11:15:03.225228	-1.1500000000000001	-9.69	0.93	-1.1500000000000001	-9.59	1.6300000000000001	-1.44	-9.52	-1.84	1.99	-9.290000000000001	-2.4
11:15:03.235330	-1.1400000000000001	-9.69	0.9500000000000001	-1.18	-9.57	1.74	-1.44	-9.52	-1.84	1.99	-9.290000000000001	-2.4
11:15:03.245798	-1.1300000000000001	-9.69	0.96	-1.2	-9.56	1.82	-1.5	-9.4	-2.33	2.89	-9.370000000000001	-0.08
11:15:03.255866	-1.1300000000000001	-9.69	0.98	-1.22	-9.55	1.85	-1.53	-9.35	-2.49	3.5100000000000002	-9.06	1.26
11:15:03.265957	-1.12	-9.69	0.99	-1.23	-9.540000000000001	1.86	-1.56	-9.33	-2.57	3.5100000000000002	-9.06	1.26
11:15:03.276053	-1.12	-9.68	1.0	-1.24	-9.540000000000001	1.86	-1.6	-9.32	-2.59	3.5100000000000002	-9.06	1.26
11:15:03.286659	-1.12	-9.68	1.01	-1.26	-9.540000000000001	1.8800000000000001	-1.62	-9.33	-2.5300000000000002	3.5100000000000002	-9.06	1.26
11:15:03.297099	-1.1300000000000001	-9.68	1.02	-1.27	-9.53	1.9000000000000001	-1.6500000000000001	-9.35	-2.43	3.5100000000000002	-9.06	1.26
11:15:03.307190	-1.1300000000000001	-9.68	1.03	-1.27	-9.53	1.92	-1.67	-9.39	-2.27	3.5100000000000002	-9.06	1.26
11:15:03.317315	-1.1300000000000001	-9.68	1.04	-1.26	-9.52	1.95	-1.69	-9.43	-2.08	3.5100000000000002	-9.06	1.26
11:15:03.327432	-1.1300000000000001	-9.68	1.06	-1.21	-9.52	2.0100000000000002	-1.71	-9.47	-1.87	3.5100000000000002	-9.06	1.26
11:15:03.337610	-1.1300000000000001	-9.68	1.06	-1.1500000000000001	-9.52	2.04	-1.74	-9.49	-1.69	3.5100000000000002	-9.06	1.26
11:15:03.348088	-1.1300000000000001	-9.68	1.05	-1.11	-9.52	2.0300000000000002	-1.71	-9.52	-1.59	3.5100000000000002	-9.06	1.26
11:15:03.358193	-1.1400000000000001	-9.68	1.03	-1.12	-9.53	1.98	-1.6300000000000001	-9.55	-1.49	3.5100000000000002	-9.06	1.26
11:15:03.368358	-1.16	-9.68	1.0	-1.1400000000000001	-9.53	1.96	-1.53	-9.61	-1.19	3.5100000000000002	-9.06	1.26
11:15:03.378508	-1.16	-9.68	0.97	-1.17	-9.52	2.02	-1.54	-9.63	-0.98	3.5100000000000002	-9.06	1.26
11:15:03.388639	-1.1500000000000001	-9.69	0.9500000000000001	-1.19	-9.53	1.96	-1.58	-9.64	-0.75	3.5100000000000002	-9.06	1.26
11:15:03.399181	-1.12	-9.69	0.9400000000000001	-1.16	-9.56	1.82	-1.6300000000000001	-9.65	-0.51	3.5100000000000002	-9.06	1.26
11:15:03.409281	-1.08	-9.700000000000001	0.93	-1.06	-9.58	1.76	-1.6600000000000001	-9.65	-0.28	3.5100000000000002	-9.06	1.26
11:15:03.419348	-1.04	-9.700000000000001	0.92	-0.92	-9.59	1.82	-1.7	-9.65	-0.1	3.5100000000000002	-9.06	1.26
11:15:03.429424	-1.01	-9.71	0.91	-0.78	-9.58	1.93	-1.75	-9.64	0.05	3.5100000000000002	-9.06	1.26
11:15:03.439602	-0.97	-9.71	0.89	-0.64	-9.56	2.07	-1.8	-9.63	0.19	3.5100000000000002	-9.06	1.26
11:15:03.449743	-0.93	-9.72	0.87	-0.51	-9.540000000000001	2.2	-1.8800000000000001	-9.6	0.52	3.5100000000000002	-9.06	1.26
11:15:03.460409	-0.89	-9.72	0.85	-0.38	-9.53	2.2600000000000002	-1.9000000000000001	-9.59	0.7000000000000001	3.5100000000000002	-9.06	1.26
11:15:03.470479	-0.85	-9.73	0.8300000000000001	-0.24	-9.53	2.2800000000000002	-1.9000000000000001	-9.57	0.88	3.5100000000000002	-9.06	1.26
11:15:03.480590	-0.81	-9.73	0.81	-0.1	-9.53	2.27	-1.9000000000000001	-9.57	0.88	2.63	-9.3	-1.6300000000000001
11:15:03.490666	-0.78	-9.74	0.79	0.04	-9.540000000000001	2.2600000000000002	-1.9100000000000001	-9.55	1.12	2.63	-9.3	-1.6300000000000001
11:15:03.500785	-0.77	-9.74	0.77	0.19	-9.540000000000001	2.24	-1.95	-9.53	1.19	2.63	-9.3	-1.6300000000000001
11:15:03.510851	-0.75	-9.74	0.76	0.46	-9.540000000000001	2.2	-1.95	-9.53	1.19	2.63	-9.3	-1.6300000000000001
11:15:03.521337	-0.74	-9.74	0.75	0.46	-9.540000000000001	2.2	-1.95	-9.53	1.19	2.22	-9.34	-1.98
11:15:03.531473	-0.73	-9.75	0.75	0.59	-9.53	2.21	-1.99	-9.51	1.25	2.3000000000000003	-9.290000000000001	-2.12
11:15:03.541548	-0.72	-9.75	0.75	0.73	-9.52	2.23	-2.06	-9.48	1.3900000000000001	2.29	-9.28	-2.18
11:15:03.551917	-0.71	-9.75	0.75	0.88	-9.5	2.2600000000000002	-2.07	-9.46	1.48	2.2600000000000002	-9.27	-2.25
11:15:03.561989	-0.6900000000000001	-9.75	0.75	1.22	-9.44	2.32	-2.07	-9.450000000000001	1.59	2.2600000000000002	-9.27	-2.25
11:15:03.572067	-0.68	-9.75	0.75	1.41	-9.41	2.36	-2.04	-9.42	1.78	2.2600000000000002	-9.27	-2.25
11:15:03.582195	-0.66	-9.75	0.75	1.59	-9.370000000000001	2.39	-2.04	-9.42	1.78	2.2600000000000002	-9.27	-2.25
11:15:03.592262	-0.64	-9.75	0.75	1.77	-9.33	2.42	-2.06	-9.39	1.92	2.2600000000000002	-9.27	-2.25
11:15:03.602346	-0.63	-9.75	0.75	1.93	-9.3	2.42	-2.08	-9.370000000000001	1.98	2.2600000000000002	-9.27	-2.25
11:15:03.612410	-0.61	-9.75	0.75	2.08	-9.27	2.42	-2.09	-9.35	2.05	2.2600000000000002	-9.27	-2.25
11:15:03.622485	-0.6	-9.75	0.76	2.23	-9.23	2.41	-2.09	-9.34	2.13	2.2600000000000002	-9.27	-2.25
11:15:03.632554	-0.59	-9.75	0.76	2.37	-9.200000000000001	2.42	-2.09	-9.32	2.21	2.2600000000000002	-9.27	-2.25
11:15:03.642624	-0.58	-9.75	0.76	2.5100000000000002	-9.16	2.43	-2.09	-9.3	2.29	2.2600000000000002	-9.27	-2.25
11:15:03.652730	-0.5700000000000001	-9.75	0.76	2.64	-9.120000000000001	2.43	-2.1	-9.28	2.36	2.2600000000000002	-9.27	-2.25
11:15:03.662798	-0.56	-9.76	0.76	2.77	-9.08	2.44	-2.1	-9.26	2.42	2.2600000000000002	-9.27	-2.25
11:15:03.672965	-0.55	-9.76	0.77	2.88	-9.040000000000001	2.46	-2.12	-9.24	2.49	2.2600000000000002	-9.27	-2.25
11:15:03.683051	-0.54	-9.76	0.77	2.99	-9.0	2.48	-2.12	-9.24	2.49	2.2600000000000002	-9.27	-2.25
11:15:03.693121	-0.53	-9.76	0.77	3.09	-8.950000000000001	2.5	-2.13	-9.200000000000001	2.63	2.2600000000000002	-9.27	-2.25
11:15:03.703204	-0.52	-9.76	0.76	3.21	-8.91	2.5300000000000002	-2.13	-9.17	2.71	2.2600000000000002	-9.27	-2.25
11:15:03.713316	-0.52	-9.76	0.76	3.33	-8.86	2.54	-2.13	-9.15	2.79	2.2600000000000002	-9.27	-2.25
11:15:03.723956	-0.52	-9.76	0.75	3.45	-8.81	2.5500000000000003	-2.13	-9.120000000000001	2.88	2.2600000000000002	-9.27	-2.25
11:15:03.734052	-0.52	-9.76	0.75	3.5700000000000003	-8.76	2.56	-2.13	-9.1	2.96	2.2600000000000002	-9.27	-2.25
11:15:03.744141	-0.52	-9.76	0.75	3.7	-8.700000000000001	2.57	-2.13	-9.07	3.04	2.2600000000000002	-9.27	-2.25
11:15:03.754291	-0.61	-9.75	0.79	3.8200000000000003	-8.65	2.58	-2.13	-9.040000000000001	3.14	2.2600000000000002	-9.27	-2.25
11:15:03.764856	-0.63	-9.75	0.78	3.93	-8.59	2.59	-2.12	-9.0	3.24	2.2600000000000002	-9.27	-2.25
11:15:03.774924	-0.66	-9.75	0.76	4.04	-8.540000000000001	2.6	-2.1	-8.97	3.35	2.2600000000000002	-9.27	-2.25
11:15:03.785001	-0.6900000000000001	-9.75	0.75	4.14	-8.49	2.6	-2.1	-8.97	3.35	2.2600000000000002	-9.27	-2.25
11:15:03.795124	-0.6900000000000001	-9.75	0.75	4.24	-8.45	2.59	-2.06	-8.88	3.58	1.62	-9.27	-2.73
11:15:03.805427	-0.74	-9.75	0.72	4.33	-8.4	2.58	-2.05	-8.83	3.71	1.55	-9.24	-2.88
11:15:03.815539	-0.79	-9.74	0.7000000000000001	4.41	-8.370000000000001	2.5500000000000003	-2.05	-8.83	3.71	1.55	-9.24	-2.88
11:15:03.825861	-0.81	-9.74	0.7000000000000001	4.48	-8.34	2.52	-2.0300000000000002	-8.71	4.0	1.55	-9.24	-2.88
11:15:03.835932	-0.8300000000000001	-9.74	0.6900000000000001	4.54	-8.32	2.49	-2.02	-8.64	4.16	1.55	-9.24	-2.88
11:15:03.846007	-0.86	-9.74	0.6900000000000001	4.59	-8.3	2.45	-2.02	-8.55	4.33	1.55	-9.24	-2.88
11:15:03.856090	-0.88	-9.74	0.68	4.62	-8.3	2.41	-2.02	-8.46	4.5200000000000005	1.55	-9.24	-2.88
11:15:03.866161	-0.9	-9.74	0.67	4.64	-8.3	2.36	-2.0300000000000002	-8.35	4.72	1.55	-9.24	-2.88
11:15:03.876240	-0.92	-9.74	0.67	4.64	-8.31	2.31	-2.0300000000000002	-8.22	4.93	1.55	-9.24	-2.88
11:15:03.886750	-0.92	-9.74	0.67	4.62	-8.34	2.27	-2.0300000000000002	-8.22	4.93	1.55	-9.24	-2.88
11:15:03.896853	-0.9500000000000001	-9.73	0.6900000000000001	4.58	-8.370000000000001	2.23	-1.99	-7.92	5.41	1.55	-9.24	-2.88
11:15:03.906996	-0.97	-9.73	0.72	4.51	-8.43	2.15	-1.99	-7.75	5.65	1.55	-9.24	-2.88
11:15:03.917095	-1.0	-9.72	0.76	4.42	-8.51	2.02	-1.99	-7.57	5.9	1.41	-9.07	-3.43
11:15:03.927708	-1.03	-9.71	0.8	4.3	-8.6	1.87	-1.96	-7.37	6.15	1.41	-9.07	-3.43
11:15:03.937851	-1.04	-9.71	0.8200000000000001	4.15	-8.71	1.72	-1.9000000000000001	-7.16	6.41	1.41	-9.07	-3.43
11:15:03.947962	-1.04	-9.71	0.8300000000000001	3.97	-8.82	1.57	-1.55	-6.75	6.93	1.41	-9.07	-3.43
11:15:03.958044	-1.04	-9.71	0.8300000000000001	3.7800000000000002	-8.93	1.42	-1.55	-6.75	6.93	1.41	-9.07	-3.43
11:15:03.968711	-1.05	-9.71	0.84	3.58	-9.03	1.27	-1.27	-6.5600000000000005	7.17	1.41	-9.07	-3.43
11:15:03.978861	-1.05	-9.71	0.85	3.37	-9.13	1.1400000000000001	-1.02	-6.38	7.37	1.41	-9.07	-3.43
11:15:03.989028	-1.05	-9.71	0.85	3.15	-9.22	1.03	-0.73	-6.0	7.71	1.41	-9.07	-3.43
11:15:03.999713	-1.05	-9.71	0.87	2.91	-9.31	0.96	-0.66	-5.84	7.84	1.41	-9.07	-3.43
11:15:04.009798	-1.04	-9.71	0.88	2.67	-9.39	0.92	-0.63	-5.7	7.95	1.41	-9.07	-3.43
11:15:04.019872	-1.02	-9.71	0.89	2.41	-9.46	0.88	-0.63	-5.59	8.02	1.41	-9.07	-3.43
11:15:04.029943	-1.0	-9.71	0.89	2.15	-9.53	0.84	-0.65	-5.5	8.09	1.41	-9.07	-3.43
11:15:04.040010	-0.98	-9.71	0.9	1.8900000000000001	-9.59	0.76	-0.63	-5.42	8.14	1.41	-9.07	-3.43
11:15:04.050084	-0.97	-9.71	0.9	1.6300000000000001	-9.64	0.67	-0.5700000000000001	-5.39	8.16	1.41	-9.07	-3.43
11:15:04.060165	-0.96	-9.71	0.9	1.3800000000000001	-9.69	0.59	-0.51	-5.42	8.15	1.41	-9.07	-3.43
11:15:04.070283	-0.9500000000000001	-9.71	0.89	1.1400000000000001	-9.72	0.53	-0.5	-5.49	8.1	1.41	-9.07	-3.43
11:15:04.080362	-0.96	-9.71	0.88	0.91	-9.75	0.49	-0.5	-5.49	8.1	1.41	-9.07	-3.43
11:15:04.090433	-0.96	-9.71	0.88	0.6900000000000001	-9.77	0.47000000000000003	-0.56	-5.74	7.92	1.41	-9.07	-3.43
11:15:04.100885	-0.97	-9.71	0.87	0.48	-9.78	0.45	-0.56	-5.74	7.92	-0.42	-4.67	-8.61
11:15:04.111301	-0.97	-9.71	0.86	0.28	-9.790000000000001	0.43	-0.75	-6.12	7.62	-0.42	-4.67	-8.61
11:15:04.121397	-0.98	-9.71	0.86	-0.07	-9.790000000000001	0.43	-0.88	-6.34	7.42	-0.42	-4.67	-8.61
11:15:04.131475	-0.97	-9.71	0.85	-0.24	-9.790000000000001	0.44	-1.0	-6.58	7.19	-0.42	-4.67	-8.61
11:15:04.141547	-0.97	-9.72	0.85	-0.39	-9.78	0.46	-1.12	-6.84	6.93	-0.42	-4.67	-8.61
11:15:04.151620	-0.96	-9.72	0.85	-0.54	-9.77	0.49	-1.23	-7.11	6.63	-0.42	-4.67	-8.61
11:15:04.161702	-0.9500000000000001	-9.72	0.84	-0.67	-9.76	0.51	-1.34	-7.38	6.3100000000000005	-0.42	-4.67	-8.61
11:15:04.171768	-0.9400000000000001	-9.72	0.84	-0.8	-9.75	0.54	-1.44	-7.65	5.95	-0.42	-4.67	-8.61
11:15:04.181842	-0.93	-9.72	0.84	-0.9	-9.74	0.58	-1.52	-7.930000000000001	5.55	-0.42	-4.67	-8.61
11:15:04.191916	-0.93	-9.72	0.84	-0.98	-9.73	0.62	-1.57	-8.2	5.13	-0.42	-4.67	-8.61
11:15:04.202039	-0.91	-9.72	0.84	-0.98	-9.73	0.62	-1.6	-8.46	4.68	-0.3	-6.3500000000000005	-7.46
11:15:04.212122	-0.9	-9.72	0.8300000000000001	-1.09	-9.71	0.72	-1.62	-8.71	4.2	-0.3	-6.3500000000000005	-7.46
11:15:04.222187	-0.89	-9.73	0.8300000000000001	-1.12	-9.700000000000001	0.79	-1.61	-8.93	3.69	-0.3	-6.3500000000000005	-7.46
11:15:04.232260	-0.89	-9.73	0.8300000000000001	-1.1400000000000001	-9.700000000000001	0.85	-1.61	-9.13	3.17	-0.3	-6.3500000000000005	-7.46
11:15:04.242330	-0.89	-9.73	0.8300000000000001	-1.1400000000000001	-9.69	0.93	-1.6	-9.31	2.61	-0.3	-6.3500000000000005	-7.46
11:15:04.252402	-0.93	-9.73	0.77	-1.1300000000000001	-9.68	1.01	-1.58	-9.450000000000001	2.04	-0.3	-6.3500000000000005	-7.46
11:15:04.262485	-0.92	-9.73	0.77	-1.11	-9.68	1.1	-1.56	-9.57	1.45	-0.3	-6.3500000000000005	-7.46
11:15:04.272568	-0.92	-9.73	0.78	-1.08	-9.67	1.19	-1.53	-9.64	0.87	-0.3	-6.3500000000000005	-7.46
11:15:04.282640	-0.92	-9.73	0.79	-1.06	-9.66	1.28	-1.5	-9.68	0.32	-0.3	-6.3500000000000005	-7.46
11:15:04.292728	-0.92	-9.73	0.79	-1.04	-9.65	1.35	-1.48	-9.69	-0.19	-0.3	-6.3500000000000005	-7.46
11:15:04.302840	-0.92	-9.72	0.8300000000000001	-1.03	-9.65	1.3900000000000001	-1.46	-9.67	-0.68	1.6	-9.02	-3.48
11:15:04.312958	-0.92	-9.72	0.8300000000000001	-1.02	-9.64	1.43	-1.44	-9.63	-1.11	1.6	-9.02	-3.48
11:15:04.323026	-0.9500000000000001	-9.72	0.86	-1.02	-9.64	1.47	-1.43	-9.58	-1.5	1.6	-9.02	-3.48
11:15:04.333191	-0.97	-9.71	0.88	-1.03	-9.63	1.53	-1.42	-9.52	-1.83	1.6	-9.02	-3.48
11:15:04.343316	-1.0	-9.71	0.9	-1.03	-9.61	1.61	-1.41	-9.47	-2.09	1.6	-9.02	-3.48
11:15:04.353420	-1.02	-9.700000000000001	0.92	-1.05	-9.6	1.6600000000000001	-1.41	-9.43	-2.2800000000000002	1.6	-9.02	-3.48
11:15:04.363546	-1.03	-9.700000000000001	0.9400000000000001	-1.09	-9.59	1.69	-1.41	-9.4	-2.39	1.6	-9.02	-3.48
11:15:04.373614	-1.05	-9.700000000000001	0.96	-1.1300000000000001	-9.59	1.68	-1.43	-9.39	-2.41	1.6	-9.02	-3.48
11:15:04.384053	-1.06	-9.69	0.97	-1.16	-9.59	1.6500000000000001	-1.44	-9.4	-2.36	1.6	-9.02	-3.48
11:15:04.394231	-1.07	-9.69	0.99	-1.19	-9.59	1.6300000000000001	-1.46	-9.43	-2.24	2.86	-9.370000000000001	0.03
11:15:04.404356	-1.08	-9.69	1.01	-1.19	-9.59	1.6300000000000001	-1.48	-9.46	-2.07	3.62	-8.93	1.77
11:15:04.414482	-1.08	-9.69	1.01	-1.2	-9.59	1.6500000000000001	-1.48	-9.46	-2.07	3.52	-9.0	1.62
11:15:04.424608	-1.1	-9.68	1.04	-1.19	-9.58	1.69	-1.53	-9.540000000000001	-1.6300000000000001	3.52	-9.0	1.62
11:15:04.434682	-1.12	-9.68	1.06	-1.1	-9.56	1.84	-1.56	-9.56	-1.46	3.52	-9.0	1.62
11:15:04.445006	-1.1300000000000001	-9.68	1.08	-1.04	-9.56	1.9100000000000001	-1.51	-9.59	-1.34	3.52	-9.0	1.62
11:15:04.455115	-1.1500000000000001	-9.67	1.08	-1.02	-9.55	1.93	-1.45	-9.620000000000001	-1.2	3.52	-9.0	1.62
11:15:04.465249	-1.21	-9.67	1.05	-1.04	-9.55	1.92	-1.41	-9.64	-1.02	3.52	-9.0	1.62
11:15:04.475383	-1.25	-9.67	1.02	-1.07	-9.540000000000001	1.98	-1.42	-9.66	-0.8200000000000001	3.52	-9.0	1.62
11:15:04.485830	-1.27	-9.67	1.0	-1.1	-9.540000000000001	1.96	-1.44	-9.68	-0.6	3.52	-9.0	1.62
11:15:04.495903	-1.27	-9.67	0.99	-1.09	-9.56	1.83	-1.47	-9.68	-0.38	2.5100000000000002	-9.41	1.1300000000000001
11:15:04.506054	-1.25	-9.67	0.99	-1.03	-9.59	1.72	-1.52	-9.68	-0.14	2.5100000000000002	-9.41	1.1300000000000001
11:15:04.516193	-1.23	-9.67	0.98	-0.91	-9.6	1.72	-1.58	-9.67	0.07	2.5100000000000002	-9.41	1.1300000000000001
11:15:04.526309	-1.22	-9.68	0.97	-0.77	-9.6	1.8	-1.6400000000000001	-9.66	0.25	2.5100000000000002	-9.41	1.1300000000000001
11:15:04.536904	-1.2	-9.68	0.96	-0.63	-9.59	1.9100000000000001	-1.7	-9.64	0.39	2.5100000000000002	-9.41	1.1300000000000001
11:15:04.546974	-1.17	-9.69	0.93	-0.51	-9.58	2.0100000000000002	-1.75	-9.63	0.52	2.5100000000000002	-9.41	1.1300000000000001
11:15:04.557067	-1.1400000000000001	-9.69	0.91	-0.39	-9.57	2.07	-1.78	-9.620000000000001	0.66	2.5100000000000002	-9.41	1.1300000000000001
11:15:04.567206	-1.1	-9.700000000000001	0.88	-0.27	-9.57	2.09	-1.79	-9.6	0.8200000000000001	2.5100000000000002	-9.41	1.1300000000000001
11:15:04.577277	-1.07	-9.700000000000001	0.86	-0.14	-9.58	2.08	-1.79	-9.59	0.98	2.5100000000000002	-9.41	1.1300000000000001
11:15:04.587379	-1.05	-9.71	0.8300000000000001	0.0	-9.58	2.08	-1.78	-9.57	1.1400000000000001	2.5100000000000002	-9.41	1.1300000000000001
11:15:04.597879	-1.03	-9.71	0.81	0.16	-9.57	2.09	-1.79	-9.55	1.25	2.41	-9.36	-1.59
11:15:04.608005	-1.03	-9.71	0.81	0.16	-9.57	2.09	-1.82	-9.540000000000001	1.33	1.99	-9.41	-1.87
11:15:04.618432	-1.01	-9.72	0.8	0.32	-9.57	2.1	-1.85	-9.52	1.3900000000000001	1.96	-9.4	-1.95
11:15:04.628544	-1.0	-9.72	0.8	0.6	-9.55	2.11	-1.8800000000000001	-9.51	1.46	1.9100000000000001	-9.4	-2.0100000000000002
11:15:04.638618	-0.98	-9.72	0.81	0.74	-9.540000000000001	2.12	-1.9100000000000001	-9.49	1.52	1.9000000000000001	-9.370000000000001	-2.14
11:15:04.649031	-0.97	-9.72	0.8200000000000001	0.89	-9.53	2.13	-1.95	-9.46	1.6600000000000001	1.8900000000000001	-9.370000000000001	-2.17
11:15:04.659104	-0.96	-9.72	0.8300000000000001	1.05	-9.51	2.13	-1.95	-9.44	1.75	1.87	-9.36	-2.21
11:15:04.669557	-0.9500000000000001	-9.72	0.8300000000000001	1.22	-9.48	2.15	-1.95	-9.44	1.75	1.87	-9.36	-2.21
11:15:04.679622	-0.9400000000000001	-9.72	0.84	1.4000000000000001	-9.450000000000001	2.18	-1.94	-9.41	1.92	1.87	-9.36	-2.21
11:15:04.689691	-0.92	-9.72	0.84	1.59	-9.41	2.22	-1.94	-9.4	1.98	1.87	-9.36	-2.21
11:15:04.700114	-0.91	-9.72	0.85	1.76	-9.370000000000001	2.25	-1.94	-9.4	1.98	1.76	-9.36	-2.31
11:15:04.710236	-0.89	-9.72	0.85	2.09	-9.3	2.2800000000000002	-1.96	-9.370000000000001	2.09	1.76	-9.36	-2.31
11:15:04.720405	-0.87	-9.72	0.85	2.23	-9.26	2.29	-1.97	-9.35	2.16	1.76	-9.36	-2.31
11:15:04.731007	-0.85	-9.73	0.86	2.37	-9.23	2.3000000000000003	-1.98	-9.34	2.22	1.76	-9.36	-2.31
11:15:04.741084	-0.8300000000000001	-9.73	0.86	2.5100000000000002	-9.19	2.32	-1.98	-9.32	2.29	1.76	-9.36	-2.31
11:15:04.751187	-0.8200000000000001	-9.73	0.86	2.65	-9.14	2.33	-1.98	-9.3	2.36	1.76	-9.36	-2.31
11:15:04.761264	-0.8	-9.73	0.86	2.7800000000000002	-9.1	2.35	-1.98	-9.28	2.43	1.76	-9.36	-2.31
11:15:04.771365	-0.79	-9.73	0.87	2.9	-9.06	2.37	-1.99	-9.27	2.49	1.76	-9.36	-2.31
11:15:04.781436	-0.78	-9.73	0.87	3.02	-9.01	2.39	-2.0	-9.25	2.5500000000000003	1.76	-9.36	-2.31
11:15:04.791527	-0.77	-9.73	0.87	3.13	-8.96	2.42	-2.0100000000000002	-9.23	2.62	1.76	-9.36	-2.31
11:15:04.801637	-0.76	-9.73	0.87	3.25	-8.92	2.44	-2.0100000000000002	-9.21	2.69	1.56	-9.34	-2.52
11:15:04.811707	-0.76	-9.73	0.86	3.36	-8.870000000000001	2.47	-2.0100000000000002	-9.18	2.77	1.56	-9.34	-2.52
11:15:04.821790	-0.77	-9.73	0.86	3.47	-8.82	2.49	-2.0100000000000002	-9.16	2.85	1.56	-9.34	-2.52
11:15:04.831858	-0.78	-9.73	0.85	3.58	-8.77	2.5	-2.02	-9.13	2.93	1.56	-9.34	-2.52
11:15:04.841928	-0.79	-9.73	0.8300000000000001	3.7	-8.72	2.5100000000000002	-2.0300000000000002	-9.1	3.0100000000000002	1.56	-9.34	-2.52
11:15:04.851996	-0.81	-9.73	0.8200000000000001	3.8200000000000003	-8.66	2.5300000000000002	-2.04	-9.07	3.09	1.56	-9.34	-2.52
11:15:04.862083	-0.8300000000000001	-9.73	0.8	3.93	-8.61	2.5500000000000003	-2.04	-9.040000000000001	3.18	1.47	-9.33	-2.6
11:15:04.872164	-0.85	-9.73	0.78	4.04	-8.55	2.57	-2.0300000000000002	-9.01	3.2800000000000002	1.47	-9.33	-2.6
11:15:04.882234	-0.87	-9.73	0.76	4.15	-8.49	2.58	-2.0100000000000002	-8.97	3.39	1.47	-9.33	-2.6
11:15:04.892309	-0.89	-9.73	0.74	4.25	-8.44	2.58	-1.99	-8.93	3.5	1.47	-9.33	-2.6
11:15:04.902834	-0.89	-9.73	0.74	4.25	-8.44	2.58	-1.98	-8.89	3.61	1.35	-9.24	-2.98
11:15:04.912936	-0.93	-9.73	0.72	4.46	-8.34	2.58	-1.97	-8.85	3.73	1.35	-9.24	-2.98
11:15:04.923277	-0.9500000000000001	-9.73	0.71	4.54	-8.3	2.57	-1.97	-8.790000000000001	3.85	1.29	-9.16	-3.24
11:15:04.933371	-0.96	-9.73	0.7000000000000001	4.62	-8.26	2.5500000000000003	-1.97	-8.73	3.99	1.29	-9.16	-3.24
11:15:04.943474	-0.98	-9.73	0.7000000000000001	4.69	-8.22	2.5300000000000002	-1.96	-8.66	4.15	1.29	-9.16	-3.24
11:15:04.953587	-1.0	-9.73	0.6900000000000001	4.74	-8.2	2.5100000000000002	-1.96	-8.58	4.3100000000000005	1.29	-9.16	-3.24
11:15:04.963708	-1.02	-9.72	0.68	4.79	-8.18	2.48	-1.95	-8.49	4.49	1.29	-9.16	-3.24
11:15:04.974411	-1.03	-9.72	0.68	4.82	-8.17	2.45	-1.94	-8.39	4.68	1.29	-9.16	-3.24
11:15:04.985002	-1.06	-9.72	0.67	4.84	-8.17	2.4	-1.92	-8.27	4.89	1.29	-9.16	-3.24
11:15:04.995216	-1.08	-9.72	0.66	4.8500000000000005	-8.19	2.34	-1.8900000000000001	-8.14	5.11	1.29	-9.16	-3.24
11:15:05.005374	-1.1	-9.72	0.66	4.84	-8.21	2.2800000000000002	-1.84	-8.0	5.36	1.29	-9.16	-3.24
11:15:05.015526	-1.12	-9.71	0.68	4.8100000000000005	-8.24	2.22	-1.8	-7.83	5.6000000000000005	1.29	-9.16	-3.24
11:15:05.026030	-1.1500000000000001	-9.71	0.71	4.76	-8.290000000000001	2.14	-1.77	-7.66	5.8500000000000005	1.23	-8.89	-3.92
11:15:05.036168	-1.1500000000000001	-9.71	0.71	4.68	-8.370000000000001	2.02	-1.77	-7.66	5.8500000000000005	1.2	-8.07	-5.44
11:15:05.046274	-1.2	-9.700000000000001	0.77	4.58	-8.46	1.85	-1.7	-7.25	6.37	1.2	-8.07	-5.44
11:15:05.056367	-1.2	-9.700000000000001	0.78	4.44	-8.58	1.6500000000000001	-1.59	-7.0200000000000005	6.640000000000001	1.2	-8.07	-5.44
11:15:05.066921	-1.19	-9.700000000000001	0.78	4.26	-8.700000000000001	1.46	-1.3900000000000001	-6.8	6.91	1.2	-8.07	-5.44
11:15:05.076998	-1.18	-9.700000000000001	0.79	4.05	-8.83	1.28	-1.12	-6.59	7.16	1.2	-8.07	-5.44
11:15:05.087064	-1.17	-9.700000000000001	0.8	3.83	-8.950000000000001	1.1300000000000001	-0.84	-6.390000000000001	7.38	1.2	-8.07	-5.44
11:15:05.097476	-1.17	-9.700000000000001	0.8200000000000001	3.59	-9.07	1.0	-0.66	-6.19	7.57	1.1400000000000001	-7.65	-6.0200000000000005
11:15:05.107549	-1.16	-9.69	0.84	3.33	-9.17	0.89	-0.5700000000000001	-6.0	7.72	1.1400000000000001	-7.65	-6.0200000000000005
11:15:05.117679	-1.16	-9.69	0.87	3.0700000000000003	-9.27	0.8200000000000001	-0.56	-5.7	7.95	1.1400000000000001	-7.65	-6.0200000000000005
11:15:05.127798	-1.1500000000000001	-9.69	0.89	2.81	-9.36	0.78	-0.65	-5.58	8.03	1.1400000000000001	-7.65	-6.0200000000000005
11:15:05.137866	-1.1400000000000001	-9.69	0.9	2.5300000000000002	-9.44	0.76	-0.73	-5.47	8.1	1.1400000000000001	-7.65	-6.0200000000000005
11:15:05.147954	-1.12	-9.69	0.91	2.25	-9.51	0.75	-0.72	-5.39	8.15	1.1400000000000001	-7.65	-6.0200000000000005
11:15:05.158044	-1.12	-9.69	0.92	1.95	-9.58	0.71	-0.64	-5.37	8.17	1.1400000000000001	-7.65	-6.0200000000000005
11:15:05.168544	-1.11	-9.69	0.92	1.67	-9.64	0.64	-0.56	-5.41	8.15	1.1400000000000001	-7.65	-6.0200000000000005
11:15:05.179117	-1.11	-9.69	0.91	1.3900000000000001	-9.69	0.55	-0.51	-5.49	8.1	1.1400000000000001	-7.65	-6.0200000000000005
11:15:05.189259	-1.12	-9.700000000000001	0.89	1.1300000000000001	-9.72	0.48	-0.5	-5.62	8.02	1.1400000000000001	-7.65	-6.0200000000000005
11:15:05.199334	-1.1300000000000001	-9.700000000000001	0.88	0.88	-9.75	0.42	-0.55	-5.7700000000000005	7.9	1.1400000000000001	-7.65	-6.0200000000000005
11:15:05.209403	-1.1300000000000001	-9.700000000000001	0.86	0.64	-9.77	0.39	-0.63	-5.96	7.75	1.1400000000000001	-7.65	-6.0200000000000005
11:15:05.219478	-1.1400000000000001	-9.700000000000001	0.85	0.42	-9.790000000000001	0.37	-0.75	-6.17	7.57	1.1400000000000001	-7.65	-6.0200000000000005
11:15:05.229565	-1.1400000000000001	-9.700000000000001	0.84	0.21	-9.790000000000001	0.36	-0.88	-6.41	7.36	1.1400000000000001	-7.65	-6.0200000000000005
11:15:05.239637	-1.1400000000000001	-9.700000000000001	0.8300000000000001	0.01	-9.790000000000001	0.36	-0.99	-6.67	7.11	1.1400000000000001	-7.65	-6.0200000000000005
11:15:05.249713	-1.1300000000000001	-9.700000000000001	0.8200000000000001	-0.34	-9.790000000000001	0.39	-1.11	-6.94	6.82	1.1400000000000001	-7.65	-6.0200000000000005
11:15:05.259843	-1.12	-9.700000000000001	0.8200000000000001	-0.51	-9.78	0.41000000000000003	-1.23	-7.23	6.5	1.1400000000000001	-7.65	-6.0200000000000005
11:15:05.270043	-1.12	-9.700000000000001	0.81	-0.67	-9.77	0.44	-1.35	-7.51	6.15	1.1400000000000001	-7.65	-6.0200000000000005
11:15:05.280619	-1.11	-9.700000000000001	0.8	-0.81	-9.76	0.48	-1.45	-7.8	5.75	1.1400000000000001	-7.65	-6.0200000000000005
11:15:05.290723	-1.11	-9.71	0.79	-0.93	-9.74	0.52	-1.53	-8.09	5.32	1.1400000000000001	-7.65	-6.0200000000000005
11:15:05.300956	-1.11	-9.71	0.79	-0.93	-9.74	0.52	-1.53	-8.09	5.32	-0.1	-6.6000000000000005	-7.24
11:15:05.311080	-1.11	-9.71	0.79	-1.03	-9.73	0.56	-1.53	-8.09	5.32	1.04	-8.290000000000001	-5.12
11:15:05.321706	-1.09	-9.71	0.78	-1.1	-9.72	0.62	-1.6	-8.63	4.36	1.04	-8.290000000000001	-5.12
11:15:05.332152	-1.08	-9.71	0.77	-1.1500000000000001	-9.71	0.6900000000000001	-1.57	-9.1	3.29	1.04	-8.290000000000001	-5.12
11:15:05.342216	-1.08	-9.71	0.76	-1.16	-9.700000000000001	0.8200000000000001	-1.56	-9.290000000000001	2.72	1.04	-8.290000000000001	-5.12
11:15:05.352286	-1.08	-9.71	0.76	-1.1500000000000001	-9.69	0.89	-1.54	-9.44	2.13	1.04	-8.290000000000001	-5.12
11:15:05.362354	-1.08	-9.71	0.76	-1.12	-9.69	0.9500000000000001	-1.52	-9.56	1.54	1.04	-8.290000000000001	-5.12
11:15:05.372427	-1.08	-9.71	0.76	-1.1	-9.69	1.02	-1.5	-9.64	0.9500000000000001	1.04	-8.290000000000001	-5.12
11:15:05.382509	-1.09	-9.71	0.76	-1.07	-9.68	1.08	-1.48	-9.68	0.4	1.04	-8.290000000000001	-5.12
11:15:05.392595	-1.1	-9.71	0.77	-1.05	-9.68	1.1400000000000001	-1.46	-9.69	-0.1	1.04	-8.290000000000001	-5.12
11:15:05.402672	-1.11	-9.71	0.77	-1.05	-9.67	1.17	-1.44	-9.68	-0.5700000000000001	2.04	-9.4	-1.85
11:15:05.412738	-1.12	-9.71	0.78	-1.06	-9.67	1.2	-1.43	-9.65	-0.98	2.04	-9.4	-1.85
11:15:05.422847	-1.1400000000000001	-9.700000000000001	0.79	-1.08	-9.66	1.22	-1.42	-9.6	-1.34	2.04	-9.4	-1.85
11:15:05.432933	-1.16	-9.700000000000001	0.8	-1.11	-9.66	1.26	-1.41	-9.56	-1.6400000000000001	2.04	-9.4	-1.85
11:15:05.443002	-1.18	-9.69	0.81	-1.1500000000000001	-9.64	1.33	-1.4000000000000001	-9.51	-1.8900000000000001	2.04	-9.4	-1.85
11:15:05.453071	-1.2	-9.69	0.8300000000000001	-1.18	-9.620000000000001	1.42	-1.4000000000000001	-9.48	-2.07	2.04	-9.4	-1.85
11:15:05.463184	-1.22	-9.69	0.84	-1.23	-9.61	1.49	-1.41	-9.450000000000001	-2.19	2.04	-9.4	-1.85
11:15:05.473304	-1.24	-9.68	0.86	-1.26	-9.6	1.53	-1.42	-9.43	-2.24	2.04	-9.4	-1.85
11:15:05.483469	-1.26	-9.68	0.87	-1.29	-9.59	1.53	-1.44	-9.44	-2.22	2.04	-9.4	-1.85
11:15:05.493959	-1.28	-9.68	0.88	-1.3	-9.59	1.52	-1.46	-9.450000000000001	-2.15	2.64	-9.43	-0.43
11:15:05.504227	-1.28	-9.68	0.88	-1.3	-9.59	1.52	-1.48	-9.47	-2.0300000000000002	3.49	-9.02	1.59
11:15:05.514356	-1.32	-9.67	0.9	-1.28	-9.6	1.53	-1.49	-9.5	-1.87	3.49	-9.02	1.59
11:15:05.524477	-1.33	-9.67	0.91	-1.25	-9.6	1.55	-1.51	-9.540000000000001	-1.68	3.49	-9.02	1.59
11:15:05.535033	-1.34	-9.66	0.92	-1.23	-9.59	1.58	-1.52	-9.57	-1.48	3.49	-9.02	1.59
11:15:05.545152	-1.36	-9.66	0.93	-1.2	-9.59	1.6300000000000001	-1.54	-9.59	-1.28	3.49	-9.02	1.59
11:15:05.555301	-1.3800000000000001	-9.66	0.93	-1.16	-9.58	1.7	-1.55	-9.61	-1.1400000000000001	3.49	-9.02	1.59
11:15:05.565411	-1.4000000000000001	-9.65	0.93	-1.11	-9.57	1.78	-1.52	-9.63	-1.03	3.49	-9.02	1.59
11:15:05.575548	-1.43	-9.65	0.93	-1.07	-9.57	1.83	-1.47	-9.65	-0.91	3.49	-9.02	1.59
11:15:05.586041	-1.46	-9.65	0.91	-1.06	-9.57	1.84	-1.46	-9.66	-0.74	3.49	-9.02	1.59
11:15:05.596818	-1.5	-9.65	0.88	-1.08	-9.56	1.84	-1.47	-9.67	-0.55	3.52	-8.99	1.6600000000000001
11:15:05.606895	-1.5	-9.65	0.88	-1.08	-9.56	1.84	-1.49	-9.68	-0.35000000000000003	2.0100000000000002	-9.540000000000001	1.03
11:15:05.616995	-1.52	-9.64	0.85	-1.1	-9.56	1.84	-1.52	-9.68	-0.13	2.24	-9.52	-0.61
11:15:05.627111	-1.52	-9.64	0.85	-1.06	-9.6	1.68	-1.56	-9.68	0.08	2.24	-9.52	-0.61
11:15:05.637426	-1.5	-9.65	0.85	-0.96	-9.620000000000001	1.61	-1.6	-9.66	0.28	2.24	-9.52	-0.61
11:15:05.647596	-1.48	-9.65	0.84	-0.8200000000000001	-9.63	1.6400000000000001	-1.7	-9.64	0.58	2.24	-9.52	-0.61
11:15:05.658160	-1.47	-9.65	0.8300000000000001	-0.66	-9.63	1.72	-1.74	-9.620000000000001	0.7000000000000001	2.24	-9.52	-0.61
11:15:05.668334	-1.45	-9.66	0.81	-0.49	-9.61	1.85	-1.76	-9.6	0.8300000000000001	2.24	-9.52	-0.61
11:15:05.678461	-1.42	-9.67	0.78	-0.34	-9.59	1.97	-1.77	-9.59	0.98	2.24	-9.52	-0.61
11:15:05.688569	-1.3800000000000001	-9.67	0.75	-0.22	-9.58	2.04	-1.77	-9.57	1.1400000000000001	2.24	-9.52	-0.61
11:15:05.698697	-1.34	-9.68	0.72	-0.1	-9.58	2.06	-1.76	-9.55	1.29	2.46	-9.36	-1.53
11:15:05.709112	-1.34	-9.68	0.72	0.01	-9.59	2.04	-1.76	-9.55	1.29	2.18	-9.39	-1.78
11:15:05.719184	-1.31	-9.69	0.7000000000000001	0.14	-9.59	2.0300000000000002	-1.76	-9.540000000000001	1.41	1.93	-9.42	-1.9100000000000001
11:15:05.729297	-1.26	-9.700000000000001	0.66	0.27	-9.59	2.02	-1.81	-9.5	1.55	1.93	-9.42	-1.9100000000000001
11:15:05.739417	-1.25	-9.700000000000001	0.65	0.41000000000000003	-9.58	2.0100000000000002	-1.85	-9.49	1.62	1.93	-9.42	-1.9100000000000001
11:15:05.749485	-1.24	-9.700000000000001	0.65	0.54	-9.57	2.02	-1.8800000000000001	-9.47	1.69	1.93	-9.42	-1.9100000000000001
11:15:05.759561	-1.23	-9.700000000000001	0.66	0.67	-9.56	2.0300000000000002	-1.9000000000000001	-9.450000000000001	1.76	1.93	-9.42	-1.9100000000000001
11:15:05.769676	-1.23	-9.700000000000001	0.67	0.8	-9.55	2.0300000000000002	-1.92	-9.43	1.83	1.93	-9.42	-1.9100000000000001
11:15:05.779809	-1.22	-9.700000000000001	0.67	1.08	-9.52	2.04	-1.92	-9.42	1.9100000000000001	1.93	-9.42	-1.9100000000000001
11:15:05.789895	-1.22	-9.700000000000001	0.67	1.24	-9.5	2.06	-1.92	-9.4	2.0	1.93	-9.42	-1.9100000000000001
11:15:05.800359	-1.22	-9.700000000000001	0.67	1.24	-9.5	2.06	-1.92	-9.4	2.0	1.73	-9.38	-2.2600000000000002
11:15:05.810538	-1.2	-9.700000000000001	0.68	1.41	-9.47	2.09	-1.92	-9.370000000000001	2.15	1.7	-9.370000000000001	-2.3000000000000003
11:15:05.820607	-1.19	-9.700000000000001	0.68	1.73	-9.4	2.15	-1.92	-9.35	2.23	1.7	-9.370000000000001	-2.3000000000000003
11:15:05.830708	-1.17	-9.71	0.68	1.87	-9.370000000000001	2.16	-1.93	-9.33	2.29	1.7	-9.370000000000001	-2.3000000000000003
11:15:05.840794	-1.16	-9.71	0.6900000000000001	1.87	-9.370000000000001	2.16	-1.94	-9.31	2.36	1.57	-9.370000000000001	-2.42
11:15:05.850868	-1.1500000000000001	-9.71	0.6900000000000001	2.14	-9.31	2.18	-1.95	-9.290000000000001	2.42	1.57	-9.370000000000001	-2.42
11:15:05.860935	-1.1300000000000001	-9.71	0.6900000000000001	2.2600000000000002	-9.28	2.19	-1.96	-9.27	2.49	1.57	-9.370000000000001	-2.42
11:15:05.871003	-1.12	-9.71	0.7000000000000001	2.39	-9.24	2.2	-1.97	-9.25	2.57	1.57	-9.370000000000001	-2.42
11:15:05.881076	-1.1	-9.71	0.7000000000000001	2.5100000000000002	-9.21	2.22	-1.97	-9.23	2.64	1.57	-9.370000000000001	-2.42
11:15:05.891154	-1.08	-9.72	0.7000000000000001	2.64	-9.17	2.24	-1.97	-9.21	2.71	1.57	-9.370000000000001	-2.42
11:15:05.901228	-1.07	-9.72	0.71	2.77	-9.13	2.2600000000000002	-1.97	-9.19	2.7800000000000002	1.53	-9.35	-2.49
11:15:05.911303	-1.06	-9.72	0.71	2.89	-9.08	2.27	-1.98	-9.17	2.85	1.53	-9.35	-2.49
11:15:05.921433	-1.08	-9.71	0.75	3.02	-9.040000000000001	2.29	-1.98	-9.14	2.91	1.53	-9.35	-2.49
11:15:05.931515	-1.12	-9.71	0.77	3.14	-8.99	2.3000000000000003	-1.99	-9.120000000000001	2.98	1.53	-9.35	-2.49
11:15:05.941919	-1.12	-9.71	0.77	3.14	-8.99	2.3000000000000003	-1.99	-9.1	3.04	1.3900000000000001	-9.34	-2.61
11:15:05.951991	-1.1300000000000001	-9.71	0.76	3.39	-8.89	2.34	-1.99	-9.08	3.11	1.3900000000000001	-9.34	-2.61
11:15:05.962062	-1.1400000000000001	-9.71	0.75	3.52	-8.84	2.36	-1.99	-9.05	3.17	1.3900000000000001	-9.34	-2.61
11:15:05.972130	-1.1500000000000001	-9.71	0.73	3.65	-8.78	2.39	-1.99	-9.03	3.24	1.3900000000000001	-9.34	-2.61
11:15:05.982231	-1.2	-9.700000000000001	0.74	3.77	-8.72	2.41	-1.99	-9.01	3.31	1.3900000000000001	-9.34	-2.61
11:15:05.992343	-1.22	-9.700000000000001	0.72	3.9	-8.65	2.44	-2.0	-8.98	3.37	1.3900000000000001	-9.34	-2.61
11:15:06.002414	-1.25	-9.700000000000001	0.71	4.0200000000000005	-8.59	2.47	-2.0	-8.950000000000001	3.45	1.32	-9.34	-2.67
11:15:06.012486	-1.26	-9.69	0.6900000000000001	4.13	-8.53	2.5100000000000002	-1.99	-8.92	3.54	1.32	-9.34	-2.67
11:15:06.022554	-1.28	-9.69	0.67	4.24	-8.47	2.5300000000000002	-1.98	-8.88	3.65	1.32	-9.34	-2.67
11:15:06.032626	-1.29	-9.69	0.65	4.33	-8.41	2.54	-1.96	-8.83	3.7600000000000002	1.32	-9.34	-2.67
11:15:06.042701	-1.29	-9.69	0.64	4.42	-8.370000000000001	2.54	-1.95	-8.78	3.89	1.32	-9.34	-2.67
11:15:06.052802	-1.29	-9.700000000000001	0.62	4.5	-8.33	2.5300000000000002	-1.95	-8.72	4.03	1.32	-9.34	-2.67
11:15:06.062931	-1.29	-9.700000000000001	0.62	4.5600000000000005	-8.3	2.5100000000000002	-1.94	-8.65	4.17	1.19	-9.32	-2.77
11:15:06.073038	-1.29	-9.700000000000001	0.61	4.62	-8.27	2.48	-1.94	-8.57	4.33	1.19	-9.32	-2.77
11:15:06.083162	-1.3	-9.700000000000001	0.61	4.67	-8.26	2.45	-1.94	-8.48	4.5	1.19	-9.32	-2.77
11:15:06.093240	-1.3	-9.69	0.61	4.71	-8.25	2.4	-1.93	-8.39	4.69	1.19	-9.32	-2.77
11:15:06.103345	-1.3	-9.69	0.61	4.74	-8.25	2.35	-1.92	-8.27	4.89	1.19	-9.32	-2.77
11:15:06.113960	-1.33	-9.69	0.61	4.76	-8.25	2.29	-1.8900000000000001	-8.15	5.1000000000000005	1.19	-9.32	-2.77
11:15:06.124055	-1.34	-9.69	0.62	4.76	-8.27	2.24	-1.86	-8.01	5.32	1.19	-9.32	-2.77
11:15:06.134127	-1.36	-9.69	0.63	4.74	-8.290000000000001	2.19	-1.85	-7.86	5.55	1.19	-9.32	-2.77
11:15:06.144264	-1.3800000000000001	-9.68	0.65	4.7	-8.33	2.12	-1.85	-7.69	5.79	1.19	-9.32	-2.77
11:15:06.154560	-1.41	-9.67	0.6900000000000001	4.7	-8.33	2.12	-1.83	-7.5	6.03	1.19	-9.32	-2.77
11:15:06.164637	-1.42	-9.67	0.72	4.54	-8.48	1.87	-1.8	-7.3	6.28	1.19	-9.32	-2.77
11:15:06.175274	-1.43	-9.67	0.75	4.42	-8.57	1.71	-1.73	-7.1000000000000005	6.53	1.19	-9.32	-2.77
11:15:06.185470	-1.43	-9.67	0.76	4.2700000000000005	-8.69	1.54	-1.59	-6.88	6.79	1.19	-9.32	-2.77
11:15:06.195630	-1.43	-9.67	0.76	4.08	-8.8	1.35	-1.4000000000000001	-6.67	7.04	1.19	-9.32	-2.77
11:15:06.205893	-1.44	-9.66	0.76	3.87	-8.92	1.17	-1.1500000000000001	-6.47	7.2700000000000005	1.19	-9.32	-2.77
11:15:06.215987	-1.44	-9.66	0.79	3.65	-9.040000000000001	1.01	-0.9	-6.28	7.47	1.19	-9.32	-2.77
11:15:06.226058	-1.43	-9.66	0.8200000000000001	3.42	-9.14	0.87	-0.71	-6.09	7.640000000000001	1.19	-9.32	-2.77
11:15:06.236131	-1.41	-9.66	0.84	3.18	-9.24	0.76	-0.59	-5.92	7.79	1.19	-9.32	-2.77
11:15:06.246267	-1.3900000000000001	-9.66	0.87	2.92	-9.33	0.68	-0.52	-5.76	7.91	1.19	-9.32	-2.77
11:15:06.256339	-1.3900000000000001	-9.66	0.87	2.67	-9.41	0.63	-0.5	-5.63	8.0	1.19	-9.32	-2.77
11:15:06.267013	-1.32	-9.67	0.92	2.41	-9.48	0.61	-0.53	-5.5200000000000005	8.08	1.19	-9.32	-2.77
11:15:06.277192	-1.29	-9.67	0.93	2.14	-9.55	0.58	-0.54	-5.43	8.14	1.19	-9.32	-2.77
11:15:06.287288	-1.29	-9.67	0.93	1.86	-9.61	0.53	-0.4	-5.37	8.19	1.19	-9.32	-2.77
11:15:06.298120	-1.29	-9.67	0.93	1.59	-9.66	0.46	-0.34	-5.41	8.16	0.8300000000000001	-7.54	-6.21
11:15:06.308182	-1.29	-9.67	0.93	1.32	-9.700000000000001	0.39	-0.32	-5.5	8.1	0.8300000000000001	-7.54	-6.21
11:15:06.318735	-1.23	-9.68	0.9400000000000001	1.07	-9.74	0.33	-0.32	-5.5	8.1	0.8300000000000001	-7.54	-6.21
11:15:06.328804	-1.24	-9.68	0.93	0.8300000000000001	-9.76	0.29	-0.42	-5.7700000000000005	7.91	0.8300000000000001	-7.54	-6.21
11:15:06.338878	-1.24	-9.68	0.92	0.61	-9.78	0.28	-0.54	-5.95	7.7700000000000005	0.8300000000000001	-7.54	-6.21
11:15:06.348963	-1.24	-9.68	0.9	0.4	-9.790000000000001	0.28	-0.67	-6.16	7.59	0.8300000000000001	-7.54	-6.21
11:15:06.359075	-1.24	-9.68	0.89	0.21	-9.790000000000001	0.31	-0.81	-6.390000000000001	7.38	0.8300000000000001	-7.54	-6.21
11:15:06.369178	-1.24	-9.68	0.88	0.02	-9.8	0.34	-0.96	-6.640000000000001	7.15	0.8300000000000001	-7.54	-6.21
11:15:06.379267	-1.23	-9.68	0.88	-0.14	-9.790000000000001	0.37	-1.1	-6.9	6.87	0.8300000000000001	-7.54	-6.21
11:15:06.389333	-1.22	-9.69	0.87	-0.3	-9.790000000000001	0.4	-1.25	-7.17	6.5600000000000005	0.8300000000000001	-7.54	-6.21
11:15:06.399415	-1.22	-9.69	0.87	-0.46	-9.78	0.42	-1.4000000000000001	-7.44	6.22	-1.29	-4.68	-8.51
11:15:06.410029	-1.19	-9.69	0.85	-0.6	-9.77	0.45	-1.52	-7.73	5.83	-1.29	-4.68	-8.51
11:15:06.420118	-1.18	-9.69	0.85	-0.84	-9.75	0.52	-1.6	-8.01	5.42	-1.29	-4.68	-8.51
11:15:06.430669	-1.16	-9.700000000000001	0.84	-0.93	-9.74	0.56	-1.6400000000000001	-8.28	4.97	-1.29	-4.68	-8.51
11:15:06.440859	-1.1500000000000001	-9.700000000000001	0.8300000000000001	-1.0	-9.73	0.61	-1.6600000000000001	-8.55	4.5	-1.29	-4.68	-8.51
11:15:06.451471	-1.1400000000000001	-9.700000000000001	0.8200000000000001	-1.04	-9.72	0.66	-1.6600000000000001	-8.790000000000001	4.0	-1.29	-4.68	-8.51
11:15:06.461539	-1.1300000000000001	-9.700000000000001	0.81	-1.05	-9.72	0.73	-1.6600000000000001	-9.01	3.46	-1.29	-4.68	-8.51
11:15:06.471620	-1.12	-9.700000000000001	0.8	-1.04	-9.71	0.81	-1.6600000000000001	-9.21	2.91	-1.29	-4.68	-8.51
11:15:06.481686	-1.11	-9.700000000000001	0.8	-1.02	-9.71	0.88	-1.6600000000000001	-9.370000000000001	2.33	-1.29	-4.68	-8.51
11:15:06.491763	-1.11	-9.71	0.79	-0.99	-9.71	0.9400000000000001	-1.6600000000000001	-9.5	1.74	-1.29	-4.68	-8.51
11:15:06.501875	-1.11	-9.71	0.79	-0.9500000000000001	-9.700000000000001	0.99	-1.6500000000000001	-9.59	1.16	0.01	-7.21	-6.63
11:15:06.511945	-1.11	-9.71	0.79	-0.91	-9.700000000000001	1.06	-1.6300000000000001	-9.65	0.6	0.01	-7.21	-6.63
11:15:06.522034	-1.09	-9.71	0.79	-0.88	-9.69	1.1400000000000001	-1.61	-9.67	0.06	0.01	-7.21	-6.63
11:15:06.532104	-1.09	-9.71	0.79	-0.85	-9.69	1.22	-1.59	-9.66	-0.42	0.01	-7.21	-6.63
11:15:06.542196	-1.09	-9.71	0.8	-0.84	-9.68	1.3	-1.57	-9.63	-0.87	0.01	-7.21	-6.63
11:15:06.552623	-1.09	-9.71	0.8	-0.84	-9.68	1.3	-1.56	-9.59	-1.28	1.95	-9.4	-1.96
11:15:06.562745	-1.09	-9.71	0.8	-0.84	-9.68	1.3	-1.56	-9.59	-1.28	3.08	-9.27	0.78
11:15:06.573315	-1.12	-9.700000000000001	0.84	-0.84	-9.65	1.48	-1.57	-9.53	-1.6300000000000001	3.08	-9.27	0.78
11:15:06.583404	-1.1300000000000001	-9.700000000000001	0.85	-0.88	-9.620000000000001	1.6500000000000001	-1.61	-9.42	-2.19	3.08	-9.27	0.78
11:15:06.593618	-1.1400000000000001	-9.69	0.87	-0.91	-9.6	1.75	-1.6500000000000001	-9.370000000000001	-2.35	3.3200000000000003	-9.11	1.44
11:15:06.604283	-1.1400000000000001	-9.69	0.87	-0.9500000000000001	-9.58	1.84	-1.68	-9.34	-2.44	3.44	-9.02	1.67
11:15:06.614711	-1.16	-9.69	0.91	-0.98	-9.57	1.8900000000000001	-1.72	-9.33	-2.46	3.44	-9.02	1.67
11:15:06.625244	-1.17	-9.69	0.92	-1.02	-9.56	1.9000000000000001	-1.75	-9.33	-2.41	3.44	-9.02	1.67
11:15:06.635391	-1.19	-9.68	0.9500000000000001	-1.04	-9.56	1.9000000000000001	-1.78	-9.36	-2.31	3.44	-9.02	1.67
11:15:06.645486	-1.2	-9.68	0.96	-1.05	-9.56	1.9000000000000001	-1.8	-9.39	-2.16	3.44	-9.02	1.67
11:15:06.656102	-1.21	-9.68	0.98	-1.05	-9.56	1.9000000000000001	-1.81	-9.43	-1.97	3.44	-9.02	1.67
11:15:06.666194	-1.22	-9.67	0.99	-1.05	-9.55	1.9100000000000001	-1.82	-9.47	-1.76	3.44	-9.02	1.67
11:15:06.676311	-1.23	-9.67	1.0	-1.04	-9.55	1.94	-1.83	-9.5	-1.54	3.44	-9.02	1.67
11:15:06.686429	-1.25	-9.67	1.02	-1.02	-9.540000000000001	1.98	-1.84	-9.540000000000001	-1.31	3.44	-9.02	1.67
11:15:06.696505	-1.25	-9.67	1.02	-0.98	-9.540000000000001	2.04	-1.86	-9.56	-1.12	3.84	-8.81	1.8900000000000001
11:15:06.707029	-1.29	-9.66	1.03	-0.92	-9.53	2.09	-1.85	-9.57	-1.04	3.84	-8.81	1.8900000000000001
11:15:06.717161	-1.32	-9.66	1.04	-0.85	-9.52	2.16	-1.73	-9.6	-0.9500000000000001	3.84	-8.81	1.8900000000000001
11:15:06.727305	-1.36	-9.65	1.03	-0.79	-9.51	2.22	-1.73	-9.61	-0.8300000000000001	3.83	-8.82	1.8800000000000001
11:15:06.737383	-1.36	-9.65	1.03	-0.74	-9.52	2.21	-1.73	-9.61	-0.8300000000000001	3.83	-8.82	1.8800000000000001
11:15:06.747908	-1.36	-9.65	1.03	-0.72	-9.55	2.1	-1.75	-9.63	-0.55	3.83	-8.82	1.8800000000000001
11:15:06.757989	-1.36	-9.65	1.03	-0.74	-9.56	2.02	-1.77	-9.63	-0.37	3.83	-8.82	1.8800000000000001
11:15:06.768055	-1.36	-9.65	1.03	-0.75	-9.57	1.99	-1.8	-9.63	-0.17	3.83	-8.82	1.8800000000000001
11:15:06.778129	-1.36	-9.65	1.03	-0.71	-9.58	1.96	-1.83	-9.63	0.01	3.83	-8.82	1.8800000000000001
11:15:06.788205	-1.36	-9.65	1.03	-0.62	-9.59	1.93	-1.86	-9.620000000000001	0.19	3.83	-8.82	1.8800000000000001
11:15:06.798299	-1.44	-9.65	0.97	-0.48	-9.59	1.96	-1.86	-9.620000000000001	0.19	2.88	-9.3	1.09
11:15:06.808425	-1.3900000000000001	-9.66	0.92	-0.31	-9.59	2.02	-1.8900000000000001	-9.61	0.33	2.22	-9.42	1.51
11:15:06.818541	-1.36	-9.66	0.9	-0.14	-9.57	2.11	-1.94	-9.6	0.45	1.87	-9.6	-0.68
11:15:06.828644	-1.36	-9.66	0.9	0.02	-9.55	2.21	-1.97	-9.58	0.5700000000000001	2.2600000000000002	-9.38	-1.71
11:15:06.838831	-1.33	-9.67	0.87	0.17	-9.53	2.29	-1.99	-9.57	0.7000000000000001	2.2600000000000002	-9.38	-1.71
11:15:06.848984	-1.26	-9.69	0.81	0.3	-9.52	2.32	-2.0100000000000002	-9.540000000000001	0.97	2.2600000000000002	-9.38	-1.71
11:15:06.859079	-1.24	-9.69	0.78	0.43	-9.51	2.31	-2.0100000000000002	-9.53	1.1	2.2600000000000002	-9.38	-1.71
11:15:06.869187	-1.24	-9.69	0.78	0.5700000000000001	-9.51	2.31	-2.0100000000000002	-9.52	1.21	2.21	-9.370000000000001	-1.82
11:15:06.879315	-1.2	-9.700000000000001	0.73	0.71	-9.5	2.3000000000000003	-2.02	-9.5	1.28	2.21	-9.370000000000001	-1.82
11:15:06.889437	-1.18	-9.700000000000001	0.71	0.84	-9.49	2.29	-2.05	-9.49	1.34	2.17	-9.38	-1.83
11:15:06.899562	-1.17	-9.700000000000001	0.71	0.97	-9.48	2.3000000000000003	-2.07	-9.48	1.4000000000000001	2.14	-9.370000000000001	-1.9000000000000001
11:15:06.909753	-1.16	-9.71	0.71	1.21	-9.44	2.32	-2.09	-9.46	1.46	2.13	-9.38	-1.8800000000000001
11:15:06.919857	-1.1500000000000001	-9.71	0.71	1.35	-9.42	2.33	-2.1	-9.450000000000001	1.52	2.14	-9.36	-1.96
11:15:06.929955	-1.1500000000000001	-9.71	0.71	1.35	-9.42	2.33	-2.11	-9.44	1.59	2.14	-9.36	-1.96
11:15:06.940292	-1.12	-9.71	0.72	1.5	-9.4	2.34	-2.11	-9.42	1.67	2.15	-9.35	-1.99
11:15:06.950824	-1.11	-9.71	0.72	1.83	-9.33	2.37	-2.1	-9.41	1.75	2.11	-9.34	-2.09
11:15:06.960937	-1.09	-9.71	0.73	2.0	-9.290000000000001	2.38	-2.09	-9.4	1.84	2.09	-9.34	-2.09
11:15:06.971005	-1.08	-9.71	0.73	2.16	-9.25	2.4	-2.08	-9.38	1.92	2.05	-9.35	-2.1
11:15:06.981073	-1.06	-9.72	0.73	2.31	-9.21	2.41	-2.08	-9.370000000000001	1.99	2.05	-9.35	-2.1
11:15:06.991147	-1.04	-9.72	0.74	2.44	-9.18	2.42	-2.08	-9.35	2.05	2.05	-9.35	-2.1
11:15:07.001223	-1.02	-9.72	0.74	2.56	-9.14	2.42	-2.09	-9.34	2.12	1.97	-9.35	-2.18
11:15:07.011306	-1.0	-9.72	0.74	2.68	-9.11	2.42	-2.09	-9.32	2.19	1.95	-9.35	-2.2
11:15:07.021404	-0.98	-9.72	0.74	2.79	-9.08	2.43	-2.08	-9.3	2.27	1.92	-9.34	-2.24
11:15:07.031473	-0.96	-9.73	0.75	2.89	-9.040000000000001	2.44	-2.07	-9.290000000000001	2.35	1.8800000000000001	-9.34	-2.29
11:15:07.042022	-0.9400000000000001	-9.73	0.75	3.0	-9.0	2.45	-2.07	-9.27	2.42	1.8800000000000001	-9.34	-2.29
11:15:07.052427	-0.92	-9.73	0.75	3.1	-8.97	2.46	-2.07	-9.25	2.49	1.86	-9.32	-2.37
11:15:07.062523	-0.91	-9.73	0.75	3.19	-8.93	2.48	-2.08	-9.23	2.56	1.86	-9.32	-2.37
11:15:07.072590	-0.91	-9.73	0.76	3.2800000000000002	-8.89	2.49	-2.08	-9.21	2.64	1.8800000000000001	-9.32	-2.39
11:15:07.082711	-0.9	-9.73	0.76	3.37	-8.85	2.5	-2.09	-9.18	2.72	1.83	-9.31	-2.43
11:15:07.092812	-0.9	-9.73	0.75	3.47	-8.81	2.5100000000000002	-2.1	-9.15	2.8000000000000003	1.74	-9.31	-2.5300000000000002
11:15:07.102934	-0.9	-9.73	0.75	3.56	-8.77	2.52	-2.12	-9.13	2.88	1.71	-9.3	-2.57
11:15:07.113010	-0.91	-9.73	0.74	3.66	-8.73	2.5300000000000002	-2.13	-9.1	2.96	1.71	-9.3	-2.57
11:15:07.123276	-0.93	-9.73	0.73	3.75	-8.69	2.5300000000000002	-2.15	-9.07	3.04	1.71	-9.3	-2.57
11:15:07.133651	-0.98	-9.72	0.74	3.84	-8.65	2.5500000000000003	-2.16	-9.03	3.12	1.59	-9.290000000000001	-2.68
11:15:07.143748	-0.99	-9.72	0.73	3.93	-8.61	2.56	-2.18	-9.0	3.21	1.57	-9.28	-2.73
11:15:07.153871	-1.01	-9.72	0.71	4.01	-8.56	2.58	-2.19	-8.96	3.3000000000000003	1.6	-9.26	-2.77
11:15:07.163948	-1.03	-9.72	0.7000000000000001	4.08	-8.52	2.6	-2.2	-8.92	3.4	1.62	-9.24	-2.83
11:15:07.174061	-1.04	-9.72	0.68	4.16	-8.48	2.62	-2.21	-8.88	3.5	1.6	-9.22	-2.9
11:15:07.184642	-1.05	-9.72	0.67	4.23	-8.44	2.64	-2.21	-8.84	3.61	1.6	-9.200000000000001	-2.97
11:15:07.195277	-1.05	-9.72	0.66	4.29	-8.4	2.66	-2.2	-8.790000000000001	3.73	1.59	-9.18	-3.04
11:15:07.205593	-1.06	-9.72	0.65	4.36	-8.36	2.66	-2.19	-8.74	3.86	1.56	-9.15	-3.14
11:15:07.216064	-1.07	-9.72	0.64	4.42	-8.33	2.65	-2.18	-8.68	4.0	1.53	-9.120000000000001	-3.24
11:15:07.226153	-1.09	-9.72	0.64	4.47	-8.31	2.64	-2.17	-8.61	4.14	1.5	-9.08	-3.37
11:15:07.236502	-1.09	-9.72	0.64	4.5200000000000005	-8.290000000000001	2.61	-2.17	-8.540000000000001	4.29	1.48	-9.03	-3.5
11:15:07.246646	-1.1	-9.72	0.63	4.57	-8.28	2.57	-2.16	-8.46	4.45	1.45	-8.98	-3.66
11:15:07.257469	-1.1400000000000001	-9.71	0.62	4.6000000000000005	-8.27	2.5300000000000002	-2.16	-8.36	4.62	1.42	-8.91	-3.83
11:15:07.267610	-1.16	-9.71	0.62	4.62	-8.28	2.48	-2.14	-8.15	5.01	1.3900000000000001	-8.83	-4.01
11:15:07.277818	-1.17	-9.71	0.64	4.63	-8.290000000000001	2.43	-2.11	-8.02	5.22	1.34	-8.75	-4.21
11:15:07.288302	-1.2	-9.700000000000001	0.66	4.62	-8.31	2.38	-2.1	-7.88	5.44	1.3	-8.65	-4.42
11:15:07.298426	-1.22	-9.700000000000001	0.7000000000000001	4.59	-8.34	2.33	-2.09	-7.72	5.66	1.34	-8.51	-4.67
11:15:07.308638	-1.23	-9.69	0.73	4.55	-8.38	2.25	-2.07	-7.55	5.9	1.36	-8.36	-4.92
11:15:07.318813	-1.24	-9.69	0.76	4.48	-8.45	2.15	-2.04	-7.36	6.140000000000001	1.33	-8.19	-5.21
11:15:07.329277	-1.24	-9.69	0.78	4.38	-8.53	2.0	-1.98	-7.15	6.4	1.34	-7.99	-5.51
11:15:07.339825	-1.24	-9.69	0.78	4.25	-8.64	1.82	-1.85	-6.94	6.67	1.36	-7.7700000000000005	-5.8100000000000005
11:15:07.349896	-1.24	-9.69	0.79	4.09	-8.75	1.6300000000000001	-1.6600000000000001	-6.72	6.94	1.3	-7.5200000000000005	-6.15
11:15:07.360001	-1.24	-9.69	0.81	3.7	-8.98	1.27	-1.41	-6.5	7.19	1.16	-7.24	-6.51
11:15:07.370180	-1.24	-9.69	0.8300000000000001	3.48	-9.09	1.11	-1.1400000000000001	-6.3	7.42	1.01	-6.9	-6.88
11:15:07.380871	-1.23	-9.69	0.85	3.25	-9.19	0.98	-0.93	-6.11	7.61	0.75	-6.55	-7.25
11:15:07.390946	-1.22	-9.69	0.87	3.0100000000000002	-9.290000000000001	0.88	-0.8200000000000001	-5.93	7.76	0.25	-6.2	-7.58
11:15:07.401049	-1.2	-9.69	0.9	2.77	-9.370000000000001	0.79	-0.75	-5.78	7.88	-0.33	-5.86	-7.8500000000000005
11:15:07.411134	-1.18	-9.69	0.92	2.52	-9.44	0.74	-0.72	-5.64	7.98	-0.66	-5.5200000000000005	-8.07
11:15:07.421202	-1.16	-9.69	0.9400000000000001	2.27	-9.51	0.71	-0.73	-5.5200000000000005	8.07	-0.62	-5.14	-8.32
11:15:07.431305	-1.1400000000000001	-9.69	0.96	2.0100000000000002	-9.57	0.67	-0.75	-5.4	8.14	-0.32	-4.7700000000000005	-8.56
11:15:07.441419	-1.1300000000000001	-9.69	0.97	1.75	-9.620000000000001	0.62	-0.76	-5.3	8.21	-0.09	-4.55	-8.68
11:15:07.451490	-1.1300000000000001	-9.69	0.97	1.49	-9.67	0.54	-0.6900000000000001	-5.24	8.25	-0.08	-4.54	-8.68
11:15:07.461566	-1.1300000000000001	-9.69	0.97	1.24	-9.71	0.46	-0.59	-5.24	8.26	-0.16	-4.68	-8.61
11:15:07.471630	-1.1400000000000001	-9.69	0.97	1.0	-9.74	0.4	-0.51	-5.28	8.24	-0.42	-4.91	-8.47
11:15:07.481704	-1.16	-9.68	0.96	0.77	-9.76	0.35000000000000003	-0.49	-5.36	8.19	-0.68	-5.14	-8.31
11:15:07.491847	-1.17	-9.68	0.96	0.55	-9.78	0.33	-0.51	-5.48	8.11	-0.79	-5.7700000000000005	-7.88
11:15:07.501914	-1.18	-9.68	0.9500000000000001	0.35000000000000003	-9.790000000000001	0.32	-0.56	-5.62	8.01	-0.79	-5.7700000000000005	-7.88
11:15:07.512036	-1.19	-9.68	0.9500000000000001	0.15	-9.790000000000001	0.33	-0.67	-5.8	7.87	-0.8	-6.11	-7.62
11:15:07.522097	-1.19	-9.68	0.9500000000000001	-0.02	-9.8	0.34	-0.79	-6.0	7.71	-0.59	-6.390000000000001	-7.41
11:15:07.532253	-1.19	-9.68	0.9500000000000001	-0.19	-9.790000000000001	0.37	-0.92	-6.22	7.5200000000000005	0.02	-6.94	-6.92
11:15:07.542405	-1.19	-9.68	0.9500000000000001	-0.36	-9.790000000000001	0.4	-1.04	-6.46	7.3	0.16	-7.19	-6.65
11:15:07.552551	-1.18	-9.68	0.9500000000000001	-0.51	-9.78	0.43	-1.16	-6.72	7.04	0.32	-7.42	-6.390000000000001
11:15:07.563350	-1.17	-9.68	0.9500000000000001	-0.64	-9.77	0.46	-1.29	-6.98	6.75	0.6	-7.68	-6.05
11:15:07.573462	-1.17	-9.69	0.9400000000000001	-0.76	-9.76	0.5	-1.43	-7.26	6.43	0.86	-7.97	-5.64
11:15:07.583534	-1.16	-9.69	0.9400000000000001	-0.86	-9.75	0.54	-1.56	-7.54	6.0600000000000005	1.03	-8.25	-5.19
11:15:07.593625	-1.1500000000000001	-9.69	0.9400000000000001	-0.9400000000000001	-9.74	0.59	-1.6600000000000001	-7.82	5.66	1.18	-8.5	-4.73
11:15:07.603761	-1.1400000000000001	-9.69	0.93	-0.99	-9.73	0.64	-1.72	-8.1	5.24	1.33	-8.73	-4.24
11:15:07.613919	-1.1300000000000001	-9.69	0.93	-1.02	-9.72	0.6900000000000001	-1.75	-8.370000000000001	4.79	1.48	-8.94	-3.73
11:15:07.624470	-1.12	-9.69	0.92	-1.03	-9.72	0.75	-1.75	-8.620000000000001	4.3100000000000005	1.62	-9.120000000000001	-3.2
11:15:07.634545	-1.11	-9.69	0.92	-1.02	-9.71	0.81	-1.73	-8.86	3.8200000000000003	1.77	-9.26	-2.66
11:15:07.644614	-1.11	-9.69	0.92	-0.99	-9.71	0.87	-1.7	-9.07	3.3000000000000003	1.92	-9.370000000000001	-2.14
11:15:07.655266	-1.11	-9.69	0.91	-0.96	-9.71	0.9400000000000001	-1.6600000000000001	-9.26	2.7600000000000002	2.09	-9.43	-1.6300000000000001
11:15:07.665600	-1.11	-9.69	0.92	-0.91	-9.71	1.0	-1.62	-9.41	2.21	2.2600000000000002	-9.46	-1.1500000000000001
11:15:07.676203	-1.11	-9.69	0.92	-0.87	-9.700000000000001	1.07	-1.59	-9.53	1.6500000000000001	2.45	-9.46	-0.7000000000000001
11:15:07.686275	-1.12	-9.69	0.93	-0.8200000000000001	-9.700000000000001	1.1500000000000001	-1.57	-9.61	1.1	2.62	-9.44	-0.25
11:15:07.696383	-1.1300000000000001	-9.69	0.9500000000000001	-0.78	-9.69	1.22	-1.57	-9.66	0.5700000000000001	2.79	-9.39	0.08
11:15:07.706474	-1.1300000000000001	-9.69	0.97	-0.75	-9.69	1.29	-1.57	-9.67	0.07	2.99	-9.33	0.33
11:15:07.716558	-1.1500000000000001	-9.68	0.98	-0.74	-9.68	1.35	-1.58	-9.67	-0.38	3.18	-9.25	0.66
11:15:07.727202	-1.16	-9.68	1.0	-0.74	-9.67	1.3800000000000001	-1.59	-9.64	-0.79	3.33	-9.16	1.01
11:15:07.737301	-1.18	-9.68	1.02	-0.75	-9.67	1.41	-1.62	-9.55	-1.46	3.46	-9.09	1.24
11:15:07.747451	-1.2	-9.67	1.04	-0.78	-9.66	1.46	-1.6300000000000001	-9.51	-1.72	3.56	-9.02	1.44
11:15:07.758115	-1.21	-9.67	1.06	-0.81	-9.64	1.55	-1.6400000000000001	-9.47	-1.92	3.63	-8.96	1.61
11:15:07.768672	-1.23	-9.66	1.08	-0.8200000000000001	-9.620000000000001	1.67	-1.6600000000000001	-9.44	-2.05	3.7	-8.91	1.7
11:15:07.778744	-1.25	-9.66	1.1	-0.84	-9.6	1.77	-1.68	-9.42	-2.11	3.7600000000000002	-8.88	1.75
11:15:07.789100	-1.26	-9.65	1.12	-0.84	-9.59	1.83	-1.71	-9.42	-2.11	3.7800000000000002	-8.870000000000001	1.75
11:15:07.799168	-1.28	-9.65	1.1400000000000001	-0.85	-9.59	1.85	-1.74	-9.43	-2.0300000000000002	3.77	-8.89	1.69
11:15:07.809237	-1.3	-9.64	1.16	-0.84	-9.59	1.85	-1.76	-9.450000000000001	-1.9100000000000001	3.72	-8.92	1.62
11:15:07.819547	-1.32	-9.64	1.18	-0.84	-9.59	1.85	-1.79	-9.48	-1.75	3.66	-8.96	1.54
11:15:07.829618	-1.33	-9.64	1.2	-0.8300000000000001	-9.58	1.87	-1.81	-9.51	-1.55	3.45	-9.05	1.5
11:15:07.839687	-1.34	-9.63	1.22	-0.8	-9.57	1.94	-1.84	-9.53	-1.36	3.0	-9.25	1.19
11:15:07.849844	-1.35	-9.63	1.23	-0.75	-9.57	1.99	-1.85	-9.540000000000001	-1.25	2.41	-9.41	1.32
11:15:07.859961	-1.37	-9.63	1.23	-0.7000000000000001	-9.56	2.0300000000000002	-1.8	-9.56	-1.16	2.15	-9.49	1.1400000000000001
11:15:07.870069	-1.4000000000000001	-9.620000000000001	1.22	-0.6900000000000001	-9.56	2.0300000000000002	-1.75	-9.58	-1.06	2.11	-9.57	0.31
11:15:07.880738	-1.44	-9.620000000000001	1.19	-0.7000000000000001	-9.57	1.99	-1.74	-9.6	-0.93	2.13	-9.56	-0.31
11:15:07.890876	-1.47	-9.620000000000001	1.16	-0.74	-9.56	2.0100000000000002	-1.75	-9.61	-0.76	2.3000000000000003	-9.52	-0.28
11:15:07.900950	-1.49	-9.620000000000001	1.1400000000000001	-0.77	-9.55	2.07	-1.77	-9.620000000000001	-0.5700000000000001	2.29	-9.52	-0.4
11:15:07.911062	-1.49	-9.620000000000001	1.1400000000000001	-0.79	-9.56	2.0300000000000002	-1.8	-9.63	-0.36	2.4	-9.47	-0.74
11:15:07.921151	-1.48	-9.620000000000001	1.12	-0.76	-9.58	1.95	-1.83	-9.63	-0.13	2.43	-9.43	-1.11
11:15:07.931224	-1.48	-9.620000000000001	1.12	-0.67	-9.59	1.9100000000000001	-1.86	-9.620000000000001	0.06	2.44	-9.41	-1.25
11:15:07.941308	-1.45	-9.63	1.11	-0.54	-9.59	1.95	-1.9000000000000001	-9.61	0.22	2.45	-9.4	-1.32
11:15:07.951383	-1.43	-9.63	1.09	-0.41000000000000003	-9.58	2.0300000000000002	-1.95	-9.6	0.34	2.39	-9.39	-1.46
11:15:07.961512	-1.41	-9.64	1.07	-0.29	-9.56	2.12	-1.99	-9.58	0.45	2.2600000000000002	-9.41	-1.55
11:15:07.971596	-1.3900000000000001	-9.65	1.04	-0.18	-9.55	2.19	-2.0300000000000002	-9.57	0.56	2.16	-9.43	-1.58
11:15:07.981659	-1.35	-9.65	1.01	-0.07	-9.540000000000001	2.23	-2.06	-9.56	0.6900000000000001	2.14	-9.43	-1.6
11:15:07.991736	-1.31	-9.66	0.97	0.02	-9.540000000000001	2.23	-2.07	-9.540000000000001	0.8300000000000001	2.09	-9.42	-1.7
11:15:08.001813	-1.27	-9.67	0.92	0.13	-9.540000000000001	2.22	-2.07	-9.53	0.98	2.06	-9.42	-1.75
11:15:08.011968	-1.24	-9.68	0.88	0.24	-9.540000000000001	2.22	-2.05	-9.52	1.12	2.05	-9.42	-1.78
11:15:08.022101	-1.21	-9.69	0.84	0.35000000000000003	-9.540000000000001	2.23	-2.05	-9.5	1.23	2.0300000000000002	-9.42	-1.79
11:15:08.032636	-1.19	-9.69	0.8200000000000001	0.46	-9.53	2.24	-2.07	-9.49	1.3	2.02	-9.42	-1.81
11:15:08.042711	-1.18	-9.700000000000001	0.8	0.5700000000000001	-9.52	2.25	-2.1	-9.47	1.36	2.0300000000000002	-9.41	-1.86
11:15:08.052852	-1.17	-9.700000000000001	0.79	0.67	-9.51	2.25	-2.14	-9.46	1.4000000000000001	2.04	-9.4	-1.8800000000000001
11:15:08.062924	-1.16	-9.700000000000001	0.78	0.77	-9.51	2.25	-2.18	-9.44	1.46	2.0300000000000002	-9.39	-1.9100000000000001
11:15:08.073049	-1.16	-9.700000000000001	0.78	0.88	-9.5	2.25	-2.2	-9.43	1.52	2.04	-9.38	-1.96
11:15:08.083121	-1.1500000000000001	-9.700000000000001	0.78	1.0	-9.48	2.2600000000000002	-2.21	-9.41	1.59	2.0300000000000002	-9.38	-1.99
11:15:08.093299	-1.1500000000000001	-9.700000000000001	0.77	1.1300000000000001	-9.46	2.29	-2.22	-9.4	1.6600000000000001	2.02	-9.38	-2.02
11:15:08.103397	-1.1400000000000001	-9.700000000000001	0.77	1.28	-9.44	2.32	-2.21	-9.39	1.74	1.98	-9.38	-2.04
11:15:08.114010	-1.1300000000000001	-9.71	0.76	1.42	-9.41	2.35	-2.2	-9.370000000000001	1.83	1.96	-9.38	-2.06
11:15:08.124546	-1.12	-9.71	0.75	1.55	-9.38	2.37	-2.2	-9.36	1.9100000000000001	1.95	-9.370000000000001	-2.08
11:15:08.134649	-1.11	-9.71	0.74	1.68	-9.35	2.39	-2.19	-9.34	1.98	1.95	-9.370000000000001	-2.1
11:15:08.145383	-1.1	-9.71	0.73	1.79	-9.33	2.4	-2.19	-9.33	2.05	1.95	-9.370000000000001	-2.13
11:15:08.155452	-1.09	-9.71	0.72	1.8900000000000001	-9.31	2.41	-2.2	-9.31	2.12	1.95	-9.36	-2.16
11:15:08.165578	-1.08	-9.72	0.71	1.99	-9.290000000000001	2.41	-2.2	-9.290000000000001	2.19	1.94	-9.35	-2.19
11:15:08.175713	-1.07	-9.72	0.7000000000000001	2.08	-9.27	2.41	-2.21	-9.28	2.25	1.93	-9.35	-2.22
11:15:08.185805	-1.05	-9.72	0.6900000000000001	2.17	-9.24	2.42	-2.21	-9.26	2.32	1.92	-9.34	-2.25
11:15:08.195917	-1.04	-9.72	0.68	2.2600000000000002	-9.22	2.43	-2.21	-9.24	2.38	1.8900000000000001	-9.34	-2.2800000000000002
11:15:08.206332	-1.02	-9.73	0.67	2.35	-9.19	2.44	-2.21	-9.24	2.4	1.86	-9.34	-2.31
11:15:08.216884	-1.01	-9.73	0.66	2.44	-9.17	2.45	-2.2	-9.24	2.41	1.83	-9.34	-2.35
11:15:08.227525	-1.01	-9.73	0.65	2.5300000000000002	-9.14	2.46	-2.19	-9.24	2.43	1.8	-9.33	-2.39
11:15:08.237681	-1.01	-9.73	0.64	2.61	-9.120000000000001	2.46	-2.19	-9.22	2.5	1.79	-9.33	-2.42
11:15:08.247801	-1.02	-9.73	0.63	2.69	-9.1	2.46	-2.21	-9.18	2.64	1.78	-9.32	-2.45
11:15:08.257890	-1.02	-9.73	0.63	2.77	-9.07	2.46	-2.22	-9.15	2.72	1.76	-9.31	-2.48
11:15:08.267988	-1.06	-9.72	0.63	2.85	-9.05	2.46	-2.22	-9.15	2.72	1.75	-9.31	-2.52
11:15:08.278352	-1.08	-9.72	0.62	2.93	-9.02	2.45	-2.22	-9.120000000000001	2.8000000000000003	1.72	-9.3	-2.56
