Time	Pelvis_x	Pelvis_y	Pelvis_z	UppLeg_x	UppLeg_y	UppLeg_z	LowLeg_x	LowLeg_y	LowLeg_z		Foot_x	Foot_y	Foot_z
11:14:59.372294	15.625	14.8125	5.6875	-62.5625	42.6875	8.1875	128.6875	14.5	-22.0	-150.875	87.0625	32.3125
11:14:59.382848	15.875	15.0	5.125	-79.1875	39.6875	25.4375	140.25	-3.9375	-16.5	-150.5	-36.4375	19.1875
11:14:59.393396	15.3125	23.625	1.25	-86.75	34.6875	42.875	150.3125	-18.25	-10.1875	-167.25	-31.0625	23.8125
11:14:59.403505	14.625	37.6875	-4.8125	-90.625	26.25	61.5	161.3125	-32.625	-2.0625	-180.5625	26.875	22.25
11:14:59.413591	12.1875	48.1875	-10.125	-95.6875	9.3125	81.9375	167.8125	-43.625	6.3125	-204.625	-14.1875	9.5625
11:14:59.423736	9.25	47.0	-10.8125	-99.0	-0.125	101.75	170.75	-59.0625	12.4375	-203.75	-110.8125	6.1875
11:14:59.434433	7.1875	35.3125	-7.25	-96.25	3.375	118.9375	169.375	-90.0625	10.5	-229.25	-166.5	5.75
11:14:59.444500	2.1875	0.5	0.375	-87.9375	15.375	130.375	166.125	-99.9375	2.375	-244.9375	-231.5625	9.6875
11:14:59.454693	0.125	-12.625	0.25	-71.25	25.5625	140.625	171.25	-90.0625	-8.3125	-241.5625	-302.5	32.8125
11:14:59.465304	0.1875	-18.125	-1.4375	-53.5625	21.4375	148.25	175.6875	-47.3125	-11.5	-234.75	-278.3125	99.9375
11:14:59.475414	2.125	-18.5625	-4.0625	-38.8125	9.875	150.9375	151.5	13.375	-21.5625	-238.4375	-24.8125	165.4375
11:14:59.485586	5.5	-16.5	-6.5625	-16.8125	5.3125	151.75	151.5	13.375	-21.5625	-247.625	249.3125	163.8125
11:14:59.495681	8.125	-13.0625	-8.0625	4.5625	2.875	155.9375	130.0	73.75	-22.4375	-245.75	229.125	98.75
11:14:59.505845	9.375	-8.9375	-7.3125	7.125	3.25	162.25	113.25	111.375	-15.9375	-144.9375	-112.25	9.9375
11:14:59.516395	9.0	-3.375	-4.75	-8.125	12.9375	167.4375	95.6875	84.0	-5.8125	0.625	-123.25	15.25
11:14:59.526511	7.9375	4.8125	-1.125	-30.0	29.5	166.375	34.1875	15.875	2.1875	25.875	142.375	54.0
11:14:59.536639	6.375	13.8125	2.75	-48.0625	36.5	162.0625	0.6875	5.0625	3.3125	28.8125	186.8125	34.5
11:14:59.547359	5.5	21.375	5.0	-51.6875	29.625	156.0	-31.8125	0.0	4.375	70.0	62.3125	1.4375
11:14:59.557434	5.0625	25.4375	5.0	-41.3125	17.4375	149.375	-64.1875	6.25	5.5	92.75	-9.5625	-12.75
11:14:59.567502	4.4375	25.3125	4.25	-28.9375	8.1875	143.9375	-91.625	27.5625	6.75	112.0	41.4375	-14.8125
11:14:59.577576	3.3125	23.3125	2.375	-17.0	5.0	140.25	-114.0625	52.1875	7.6875	167.0	120.75	-8.5625
11:14:59.587704	2.125	20.6875	-0.3125	-5.625	4.0	135.9375	-135.8125	70.375	7.0625	221.9375	142.3125	-3.9375
11:14:59.597776	1.0	17.75	-2.0	-0.875	9.8125	131.375	-158.1875	79.3125	3.875	240.4375	113.125	-10.1875
11:14:59.607882	0.0625	14.375	-3.25	3.5	13.5	127.25	-179.5625	80.5625	0.125	235.4375	96.25	-22.25
11:14:59.617953	-0.8125	11.0	-3.9375	12.5625	15.25	122.5	-199.875	80.9375	-2.4375	226.3125	103.875	-21.9375
11:14:59.628028	-1.6875	9.0625	-5.1875	21.375	15.0625	118.4375	-219.625	79.75	-4.0625	222.6875	114.3125	-22.3125
11:14:59.638112	-2.375	8.0625	-6.4375	30.125	18.8125	113.75	-238.4375	81.0	-5.4375	241.125	107.875	-26.0625
11:14:59.648180	-3.3125	7.125	-6.875	37.5	28.875	107.5625	-255.5625	84.0625	-7.5625	274.9375	104.8125	-31.125
11:14:59.658284	-4.0625	6.0	-7.5625	42.0	46.5625	99.3125	-271.5625	87.3125	-10.625	296.8125	107.1875	-36.375
11:14:59.668354	-4.875	5.3125	-6.0	43.8125	71.0	88.3125	-287.25	85.0625	-13.125	304.0	110.25	-39.5
11:14:59.678428	-5.5625	4.4375	-4.9375	42.0625	92.6875	76.625	-301.75	83.5	-15.625	309.125	106.0	-43.9375
11:14:59.688511	-5.75	3.9375	-4.375	45.1875	114.375	62.125	-314.5	81.875	-16.875	312.3125	113.8125	-51.6875
11:14:59.698581	-5.125	4.375	-2.8125	46.125	123.4375	52.0625	-325.8125	79.0625	-17.0	316.0625	123.6875	-61.375
11:14:59.708652	-3.8125	6.1875	-2.3125	45.375	117.5625	41.4375	-336.5	70.625	-16.9375	319.6875	122.125	-67.75
11:14:59.718720	-2.5625	9.4375	-2.0	50.0	105.75	30.25	-345.4375	56.5625	-17.125	318.25	108.25	-76.8125
11:14:59.728796	-0.5625	12.8125	-2.1875	52.1875	91.3125	21.875	-352.0	37.5625	-17.8125	306.5625	97.0	-89.5625
11:14:59.738873	2.4375	16.6875	-1.8125	51.5625	79.0	15.0625	-354.0625	21.1875	-17.125	284.8125	90.1875	-99.8125
11:14:59.748945	5.8125	20.75	-0.75	51.8125	65.1875	9.75	-349.3125	10.75	-13.875	268.1875	75.0625	-107.0625
11:14:59.759013	10.25	25.625	0.125	50.625	53.0625	7.125	-337.4375	4.1875	-8.75	258.4375	65.8125	-112.3125
11:14:59.769082	13.6875	29.5	1.6875	44.125	47.9375	5.0	-321.25	-1.1875	-3.4375	259.5625	65.4375	-111.9375
11:14:59.779151	15.9375	31.5	3.9375	32.0625	53.875	3.3125	-303.0	-3.75	-0.8125	262.0	57.4375	-107.125
11:14:59.789281	17.0625	32.25	6.25	23.4375	66.125	-0.9375	-281.875	-11.0625	1.1875	251.9375	29.5	-103.875
11:14:59.799433	16.875	32.375	8.75	17.5625	90.625	-5.0625	-254.875	-26.8125	3.9375	224.125	-5.625	-98.5
11:14:59.809524	16.125	32.875	11.4375	16.9375	110.375	-7.25	-220.75	-29.6875	6.5625	189.8125	-26.8125	-81.4375
11:14:59.819654	15.25	33.75	13.4375	28.5	112.0625	-8.875	-182.3125	-4.3125	9.125	155.9375	7.125	-62.125
11:14:59.829748	15.1875	35.25	14.625	51.3125	97.5	-8.375	-138.5625	27.3125	15.3125	118.0625	70.125	-56.8125
11:14:59.840300	15.625	36.3125	14.875	62.8125	65.1875	-2.5	-91.0625	43.1875	23.875	85.5625	54.0625	-54.0625
11:14:59.850394	16.0	35.4375	14.4375	54.0	22.8125	6.125	-41.8125	40.75	30.125	57.8125	-7.5625	-44.75
11:14:59.860468	16.0625	33.0625	14.5625	30.625	1.125	11.625	6.25	39.625	32.5	19.875	-28.6875	-24.625
11:14:59.870560	15.6875	28.0	14.5	12.125	-0.125	12.0625	51.25	46.8125	33.0625	-36.1875	9.75	2.6875
11:14:59.880662	15.1875	22.0625	14.75	7.9375	9.0	11.75	91.3125	58.4375	34.5	-85.0625	73.375	10.6875
11:14:59.890759	14.5625	16.125	14.375	13.3125	11.9375	11.125	124.25	69.5	36.8125	-114.75	106.625	14.1875
11:14:59.900833	14.5625	16.125	14.375	21.5625	15.375	8.25	148.0625	83.6875	38.125	-126.1875	92.75	13.9375
11:14:59.910904	13.875	11.8125	13.5625	28.625	15.6875	3.0625	161.3125	91.9375	37.75	-112.5625	72.375	38.25
11:14:59.920985	12.75	9.6875	13.25	34.8125	1.375	-5.5	147.5625	57.4375	32.6875	-161.6875	-1.9375	264.625
11:14:59.931473	11.875	9.8125	14.4375	56.3125	-52.0	-33.625	76.625	14.6875	8.0	-32.125	316.75	366.9375
11:14:59.941571	10.9375	11.625	14.875	58.125	-64.3125	-43.8125	63.4375	159.625	-26.1875	38.375	148.5625	316.125
11:14:59.952277	7.625	17.3125	15.0625	44.6875	-52.9375	-35.8125	93.1875	283.0	-16.0625	-413.3125	-670.625	18.75
11:14:59.962384	-8.25	39.625	20.625	0.5	-58.0	-17.9375	142.8125	368.875	20.625	-253.125	560.25	-272.375
11:14:59.972483	-11.9375	34.75	18.5625	-44.1875	-36.5625	0.875	142.6875	268.8125	25.75	-340.8125	853.1875	-91.3125
11:14:59.982552	-10.125	14.625	10.4375	-30.0	35.9375	-1.0	128.5625	59.8125	20.0625	-280.5	-24.5625	-76.9375
11:14:59.992666	-10.125	14.625	10.4375	-38.25	86.625	-23.0625	134.875	-25.125	29.75	-200.5	-514.75	-49.0
11:15:00.002776	-7.0625	-16.1875	-6.1875	-63.9375	17.75	-37.5	137.9375	-29.0625	31.5625	-78.625	85.9375	-5.4375
11:15:00.013224	-8.4375	-2.375	-9.3125	-27.125	-111.4375	-50.0	127.9375	14.75	34.25	-57.75	480.0	36.875
11:15:00.023462	-9.1875	14.375	-11.25	26.4375	-128.5	-62.0	106.75	61.625	37.8125	-12.25	45.8125	26.6875
11:15:00.033695	-9.4375	28.1875	-14.1875	45.6875	-126.9375	-63.5	96.0625	69.5	30.875	26.875	-335.125	26.625
11:15:00.044331	-9.5	37.5	-17.3125	64.625	-115.125	-56.4375	92.5625	-7.625	25.6875	35.9375	-172.25	34.8125
11:15:00.054433	-10.0625	42.125	-19.125	48.8125	-78.4375	-53.0625	86.875	-108.0625	25.6875	35.9375	91.0625	54.625
11:15:00.064565	-10.125	42.4375	-17.1875	27.125	-54.1875	-56.0	82.1875	-162.1875	22.625	8.6875	69.25	38.1875
11:15:00.075180	-9.75	41.0625	-13.25	4.6875	-27.1875	-65.75	78.4375	-132.1875	15.1875	-46.1875	-38.5625	-3.375
11:15:00.085635	-4.9375	37.75	-5.25	-3.125	-23.375	-75.4375	69.1875	-40.625	9.25	-46.1875	-38.5625	-3.375
11:15:00.096148	-4.9375	37.75	-5.25	-6.25	-24.5625	-80.8125	62.125	54.4375	7.625	-39.5625	15.375	1.6875
11:15:00.106634	2.5625	29.25	-2.25	-1.0	-12.875	-85.0	62.0	92.1875	7.875	-39.5625	15.375	1.6875
11:15:00.116990	5.375	23.375	-1.125	9.1875	6.375	-90.0625	60.1875	98.25	7.9375	-37.9375	56.5	-1.25
11:15:00.127544	6.75	18.9375	-0.25	8.625	17.3125	-94.4375	53.0625	23.25	9.75	-37.9375	56.5	-1.25
11:15:00.137630	6.5625	16.25	0.375	3.3125	25.375	-98.4375	49.0625	-26.125	9.625	-49.0	3.6875	18.1875
11:15:00.147700	5.1875	15.625	0.1875	4.0	17.6875	-100.75	44.5625	-50.6875	8.375	-49.0	3.6875	18.1875
11:15:00.157775	3.5	15.75	-0.4375	11.8125	-0.1875	-101.875	41.5625	-48.3125	6.9375	-49.0	3.6875	18.1875
11:15:00.167846	2.0625	15.6875	-1.5	21.8125	-23.1875	-101.5625	39.625	-23.5	4.9375	-49.0	3.6875	18.1875
11:15:00.177935	1.0	15.125	-2.25	28.5	-36.375	-101.6875	39.625	7.4375	4.1875	-49.0	3.6875	18.1875
11:15:00.188030	0.9375	14.5625	-2.8125	30.25	-34.75	-100.625	41.1875	29.5	4.125	-49.0	3.6875	18.1875
11:15:00.198464	1.1875	14.4375	-3.0625	25.25	-21.125	-98.0	41.1875	29.5	4.125	-30.5625	-25.125	20.875
11:15:00.208553	1.25	14.5625	-2.875	13.5625	-3.25	-96.0625	47.9375	-2.5625	4.125	-30.5625	-25.125	20.875
11:15:00.218627	1.4375	15.125	-2.5	2.125	17.3125	-94.25	48.375	-27.3125	4.5625	-30.5625	-25.125	20.875
11:15:00.228746	1.25	15.875	-1.5	-2.6875	25.5625	-92.9375	47.25	-30.1875	5.1875	-30.5625	-25.125	20.875
11:15:00.238850	1.0	15.0625	-0.5	-1.0625	24.5625	-92.4375	45.75	-18.6875	4.9375	-22.75	-21.375	7.4375
11:15:00.248919	0.8125	15.1875	-0.25	3.375	19.4375	-91.5625	44.5	-3.5625	4.375	-22.75	-21.375	7.4375
11:15:00.259007	0.0625	14.875	0.0	3.1875	22.8125	-90.5	44.4375	9.1875	3.875	-22.75	-21.375	7.4375
11:15:00.269082	-0.625	14.75	0.4375	0.0	36.0	-89.8125	44.9375	11.375	3.5625	-22.75	-21.375	7.4375
11:15:00.279185	-1.4375	14.6875	1.4375	-3.375	55.4375	-89.125	47.25	4.625	3.75	-16.375	-13.0625	15.5625
11:15:00.289256	-2.3125	14.5	3.125	-4.8125	72.125	-87.9375	48.75	0.1875	3.625	-16.375	-13.0625	15.5625
11:15:00.299467	-3.4375	13.625	4.8125	-3.8125	76.625	-85.8125	49.3125	2.9375	3.625	-16.375	-13.0625	15.5625
11:15:00.309868	-4.5	13.3125	6.5625	-1.6875	67.375	-83.6875	51.0625	5.5625	3.75	-16.375	-13.0625	15.5625
11:15:00.320401	-5.6875	13.375	8.5	-0.125	45.375	-81.75	50.0625	7.375	5.75	-15.75	16.25	12.9375
11:15:00.330566	-6.8125	13.6875	10.6875	2.1875	23.9375	-80.0	50.5	6.4375	8.875	-15.75	16.25	12.9375
11:15:00.340647	-8.375	14.375	11.625	5.0	9.625	-79.4375	52.5	-6.5625	10.5	-20.625	-43.8125	-20.375
11:15:00.350708	-10.1875	13.6875	12.25	10.5	3.5625	-78.3125	54.25	-19.6875	11.0625	-20.625	-43.8125	-20.375
11:15:00.360785	-11.4375	13.6875	12.125	16.75	1.0	-76.4375	57.8125	-29.75	10.25	-20.625	-43.8125	-20.375
11:15:00.370903	-12.0	12.9375	12.3125	17.6875	-1.6875	-72.125	63.0	-32.375	8.1875	-20.625	-43.8125	-20.375
11:15:00.381020	-11.5625	10.75	11.625	15.9375	-6.375	-67.4375	69.125	-29.125	5.25	-34.375	-54.125	-0.5
11:15:00.391092	-10.3125	8.125	10.25	14.3125	-13.8125	-62.5625	75.8125	-20.1875	2.8125	-34.375	-54.125	-0.5
11:15:00.401204	-8.0	2.75	9.4375	11.375	-22.6875	-57.3125	84.5	-11.1875	1.0625	-58.5625	-8.5	11.125
11:15:00.411283	-5.625	-2.1875	9.1875	6.5625	-30.9375	-51.125	92.6875	-3.375	0.125	-58.5625	-8.5	11.125
11:15:00.421425	-3.75	-6.625	8.875	1.3125	-34.875	-45.0	100.9375	2.25	0.0	-58.5625	-8.5	11.125
11:15:00.431851	-2.6875	-8.9375	8.5625	-12.375	-28.0625	-33.6875	108.75	3.9375	0.0625	-58.5625	-8.5	11.125
11:15:00.441943	-2.625	-7.6875	7.875	-16.1875	-24.9375	-27.3125	115.9375	1.625	1.125	-105.1875	9.125	15.0625
11:15:00.452297	-3.25	-4.625	7.75	-16.1875	-24.9375	-27.3125	123.4375	-2.875	2.3125	-116.1875	7.375	13.875
11:15:00.462453	-3.5	-1.875	8.125	-27.1875	-18.8125	-13.625	131.0625	-10.375	3.75	-116.1875	7.375	13.875
11:15:00.472516	-3.5625	0.625	8.25	-31.25	-17.3125	-5.5	139.0	-21.0	4.5625	-137.3125	-9.8125	9.5
11:15:00.482590	-0.375	4.9375	7.0625	-31.9375	-12.3125	3.625	139.0	-21.0	4.5625	-145.0	-22.0	8.375
11:15:00.492701	7.25	4.0	9.3125	-34.5625	-5.1875	14.625	153.0	-26.0	3.375	-145.0	-22.0	8.375
11:15:00.503129	12.3125	-6.125	15.125	-46.25	-0.875	28.75	158.5625	-24.1875	8.625	-154.125	-18.75	15.0625
11:15:00.513443	15.375	-10.8125	15.75	-65.9375	-5.4375	44.5625	164.25	-40.5	15.8125	-194.375	-39.75	-24.875
11:15:00.523576	15.75	-5.125	12.375	-81.25	-16.125	62.875	168.625	-66.25	23.4375	-194.375	-39.75	-24.875
11:15:00.534207	12.6875	10.75	7.0	-85.3125	-28.625	83.125	168.625	-66.25	23.4375	-224.3125	-58.0625	-49.0
11:15:00.544338	8.4375	27.5	2.125	-89.75	-37.625	103.0	168.625	-66.25	23.4375	-224.3125	-58.0625	-49.0
11:15:00.554905	5.3125	32.5625	0.375	-93.625	-44.25	119.875	168.625	-66.25	23.4375	-224.3125	-58.0625	-49.0
11:15:00.565010	4.5625	22.5	2.0625	-94.25	-45.5625	129.5625	168.625	-66.25	23.4375	-253.0625	-164.6875	-65.375
11:15:00.575181	5.1875	1.0	4.375	-87.0625	-42.625	135.5625	168.625	-66.25	23.4375	-253.0625	-164.6875	-65.375
11:15:00.585254	5.25	-23.625	3.625	-71.5	-43.0	141.5625	167.5	-153.75	31.5	-275.6875	-499.0625	-51.1875
11:15:00.595356	4.8125	-41.875	-1.4375	-48.0	-43.4375	150.875	167.5	-153.75	31.5	-273.25	-492.25	16.4375
11:15:00.605439	5.25	-48.8125	-7.125	-28.1875	-45.75	157.5	167.5	-153.75	31.5	-273.25	-492.25	16.4375
11:15:00.615511	5.8125	-46.8125	-12.0625	-10.875	-40.625	160.1875	167.5	-153.75	31.5	-273.25	-492.25	16.4375
11:15:00.625585	6.125	-41.3125	-16.25	-5.0625	-28.9375	162.875	167.5	-153.75	31.5	-271.4375	184.5	116.75
11:15:00.636210	5.9375	-34.8125	-17.4375	-14.9375	-16.3125	167.9375	167.5	-153.75	31.5	-210.75	11.5	-61.5625
11:15:00.646277	3.25	-21.125	-11.0625	-34.625	-7.4375	168.625	167.5	-153.75	31.5	-51.625	-297.125	-103.375
11:15:00.656358	1.75	-12.625	-5.75	-52.625	2.9375	165.4375	167.5	-153.75	31.5	73.0	-174.875	-16.3125
11:15:00.666520	0.0	-4.1875	-1.5	-47.6875	0.875	160.0625	167.5	-153.75	31.5	160.25	46.8125	64.0625
11:15:00.677217	-1.4375	2.625	0.9375	-33.875	-13.4375	154.625	146.1875	-209.3125	18.9375	160.25	46.8125	64.0625
11:15:00.687337	-2.875	5.5625	1.75	-22.6875	-14.0625	148.125	146.1875	-209.3125	18.9375	175.3125	-7.125	58.625
11:15:00.697410	-3.875	4.375	0.9375	-14.625	-9.875	139.9375	146.1875	-209.3125	18.9375	175.3125	-7.125	58.625
11:15:00.707657	-3.875	4.375	0.9375	-14.625	-9.875	139.9375	-20.6875	-42.4375	18.5	175.3125	-7.125	58.625
11:15:00.717776	-4.0	1.5625	-2.0625	-9.0	-6.1875	132.3125	-154.375	66.4375	13.625	175.3125	-7.125	58.625
11:15:00.727878	-3.375	-0.9375	-5.5	0.5	3.5	116.5	-178.4375	78.125	8.625	186.375	-84.375	18.0625
11:15:00.737998	-3.125	-3.375	-7.9375	9.25	8.6875	109.0	-198.3125	77.5	4.125	196.375	-31.125	-45.625
11:15:00.748072	-2.9375	-4.5	-10.875	20.25	14.375	100.4375	-235.625	87.625	2.125	189.9375	151.9375	-44.8125
11:15:00.758204	-2.875	-3.0625	-11.8125	30.3125	19.25	92.0	-252.625	105.25	0.5625	232.625	247.125	-36.8125
11:15:00.768312	-2.8125	-1.0	-12.625	33.8125	29.6875	83.5625	-269.75	118.0	-2.6875	243.4375	163.375	-36.125
11:15:00.778889	-2.875	1.75	-12.3125	35.3125	46.5	74.4375	-269.75	118.0	-2.6875	244.6875	85.25	-44.1875
11:15:00.788960	-2.625	4.875	-11.4375	37.0625	67.75	63.5625	-269.75	118.0	-2.6875	244.6875	85.25	-44.1875
11:15:00.799090	-2.5	7.4375	-10.4375	41.75	91.75	49.25	-269.75	118.0	-2.6875	245.625	192.625	-48.3125
11:15:00.809203	-2.5	8.9375	-9.625	46.8125	106.75	35.625	-269.75	118.0	-2.6875	281.5625	183.9375	-50.3125
11:15:00.819273	-1.9375	9.75	-7.875	53.125	112.375	24.375	-269.75	118.0	-2.6875	313.9375	129.5625	-55.125
11:15:00.829710	-0.5625	10.125	-5.875	51.75	103.875	15.125	-315.0	93.375	-14.4375	313.9375	129.5625	-55.125
11:15:00.839850	1.0	10.5625	-4.4375	48.1875	89.9375	8.4375	-345.5	39.875	-22.5625	319.6875	129.1875	-55.8125
11:15:00.850094	2.3125	10.125	-3.1875	47.0625	72.0	2.5	-352.9375	-4.75	-19.5625	319.6875	129.1875	-55.8125
11:15:00.860561	3.8125	9.375	-1.8125	47.625	59.875	-3.9375	-351.875	-15.0	-14.8125	312.125	100.1875	-87.0625
11:15:00.870627	5.3125	9.0625	-1.125	45.5	49.0	-6.875	-351.875	-15.0	-14.8125	306.125	82.75	-95.5625
11:15:00.880909	5.3125	9.0625	-1.125	48.1875	37.125	-8.4375	-333.75	-14.5	-0.625	299.5625	74.125	-101.6875
11:15:00.890981	5.3125	9.0625	-1.125	49.625	30.125	-8.5625	-333.75	-14.5	-0.625	299.5625	74.125	-101.6875
11:15:00.901055	10.875	9.3125	3.0625	44.625	29.625	-6.25	-333.75	-14.5	-0.625	299.5625	74.125	-101.6875
11:15:00.911134	12.25	7.9375	4.0	35.3125	38.1875	-3.0625	-333.75	-14.5	-0.625	299.5625	74.125	-101.6875
11:15:00.921211	12.625	5.75	4.0	28.8125	47.875	-0.25	-333.75	-14.5	-0.625	255.0	-12.3125	-106.125
11:15:00.931334	12.75	3.875	3.9375	43.0625	73.0	6.1875	-333.75	-14.5	-0.625	219.4375	-17.375	-104.1875
11:15:00.941807	12.4375	3.9375	4.625	43.0625	73.0	6.1875	-250.5625	-55.625	11.6875	171.125	-18.4375	-104.6875
11:15:00.951911	11.5625	4.6875	5.375	73.75	42.3125	11.3125	-181.125	-68.4375	25.5625	171.125	-18.4375	-104.6875
11:15:00.962035	10.8125	4.9375	6.0	74.875	13.0625	15.8125	-181.125	-68.4375	25.5625	98.5	-50.25	-88.9375
11:15:00.972174	9.9375	4.875	6.75	57.0	-14.625	21.9375	-181.125	-68.4375	25.5625	98.5	-50.25	-88.9375
11:15:00.982699	9.625	4.6875	7.8125	30.3125	-28.4375	24.8125	12.25	36.6875	33.875	78.0625	-79.9375	-71.0625
11:15:00.992824	9.375	3.0625	8.875	14.75	-31.3125	23.0625	12.25	36.6875	33.875	78.0625	-79.9375	-71.0625
11:15:01.002949	9.75	1.375	10.0625	10.125	-24.9375	19.8125	12.25	36.6875	33.875	-18.5625	-1.3125	12.9375
11:15:01.013075	9.875	-0.0625	10.5625	13.0	-13.5	15.0625	12.25	36.6875	33.875	-70.9375	58.75	17.25
11:15:01.023193	9.75	-0.625	10.9375	16.8125	0.1875	8.6875	12.25	36.6875	33.875	-134.125	116.375	14.9375
11:15:01.033543	9.4375	-0.125	11.125	22.1875	0.0625	0.5625	12.25	36.6875	33.875	-151.1875	117.8125	15.875
11:15:01.043830	9.0	1.8125	12.5	28.5625	-18.375	-9.0625	12.25	36.6875	33.875	-156.6875	120.75	36.5625
11:15:01.054326	8.3125	6.0	14.125	33.125	-44.4375	-21.0	12.25	36.6875	33.875	-182.8125	89.6875	215.375
11:15:01.064548	8.25	12.1875	15.875	37.75	-60.9375	-34.1875	12.25	36.6875	33.875	-81.5625	460.3125	339.0625
11:15:01.074734	7.875	19.0	16.5	48.6875	-49.5	-47.0625	12.25	36.6875	33.875	-81.5625	460.3125	339.0625
11:15:01.085163	4.125	27.5625	18.3125	48.6875	-49.5	-47.0625	45.625	97.375	-25.3125	-81.5625	460.3125	339.0625
11:15:01.095525	-1.8125	37.3125	20.3125	-13.8125	-2.0625	-35.875	71.0625	211.125	-24.4375	-333.3125	-1011.625	42.875
11:15:01.105765	-7.4375	37.75	20.375	-70.3125	8.1875	-4.125	71.0625	211.125	-24.4375	-207.5625	580.4375	-197.125
11:15:01.115839	-10.625	24.0	15.0625	-48.25	99.875	11.125	71.0625	211.125	-24.4375	-232.1875	975.1875	-134.5
11:15:01.125917	-15.5	-24.125	-2.5	-32.6875	148.125	-11.625	71.0625	211.125	-24.4375	-313.0625	119.9375	-30.0
11:15:01.136010	-15.5	-24.125	-2.5	-46.3125	36.875	-36.625	126.375	29.8125	19.625	-229.625	-617.125	-14.8125
11:15:01.146128	-16.25	-18.0	-11.125	-16.0	-99.4375	-54.5	118.75	44.625	22.1875	-229.625	-617.125	-14.8125
11:15:01.156200	-14.5	1.3125	-11.5	33.1875	-119.4375	-63.75	103.6875	44.6875	31.0	-30.375	489.0	56.125
11:15:01.166303	-13.125	18.75	-13.0625	52.75	-136.375	-67.875	103.6875	44.6875	31.0	-39.4375	62.8125	48.0
11:15:01.176409	-13.125	29.8125	-15.375	66.3125	-124.125	-63.0625	83.1875	-19.0	28.5	-23.625	-301.125	11.8125
11:15:01.186596	-13.75	33.5625	-15.5625	56.375	-87.625	-60.4375	77.5625	-65.875	21.3125	-23.625	-301.125	11.8125
11:15:01.196713	-13.5625	32.125	-12.1875	15.6875	-49.1875	-65.25	77.5625	-65.875	21.3125	19.75	105.0	32.3125
11:15:01.206869	-12.25	28.4375	-8.9375	-5.5	-19.625	-72.375	71.5	-130.625	12.5625	22.4375	51.8125	36.125
11:15:01.217497	-9.75	24.0625	-5.6875	-3.0625	-10.25	-80.0	65.625	-91.5	6.0	22.4375	51.8125	36.125
11:15:01.227566	-6.0	19.25	-2.125	0.0625	-8.3125	-86.25	50.5	46.1875	3.75	-27.625	-50.375	7.9375
11:15:01.238188	-1.875	15.625	-3.75	-0.8125	-7.5	-88.8125	50.5	46.1875	3.75	-32.875	36.125	9.125
11:15:01.248520	1.4375	9.5	-4.3125	23.4375	-15.5625	-86.25	47.9375	72.0625	8.1875	-29.5	34.1875	5.0
11:15:01.258735	3.125	5.3125	-4.3125	19.6875	-6.6875	-86.25	46.375	46.125	6.9375	-25.1875	-1.0625	8.4375
11:15:01.269159	4.125	3.0	-4.6875	10.25	5.375	-88.5	43.625	15.5	5.0	-18.875	5.8125	14.625
11:15:01.279587	4.375	1.1875	-5.375	7.9375	2.9375	-91.75	41.875	-15.1875	4.4375	-19.6875	20.875	15.625
11:15:01.289661	3.875	-0.5	-5.6875	15.6875	-11.375	-93.8125	40.4375	-39.9375	3.5	-19.6875	20.875	15.625
11:15:01.299737	3.3125	-2.125	-5.6875	25.25	-35.25	-96.1875	38.875	-52.8125	2.6875	-21.9375	-4.8125	19.875
11:15:01.309819	2.8125	-2.75	-6.25	31.25	-48.25	-97.1875	38.3125	-50.5625	2.375	-12.0625	-21.75	22.0
11:15:01.319977	2.5625	-2.375	-6.75	29.5625	-53.8125	-97.0	38.0	-33.8125	2.625	-9.0	-22.0625	21.0625
11:15:01.330043	2.625	-1.5	-7.1875	23.5	-51.9375	-94.875	37.5625	-15.5625	3.4375	-10.25	-19.3125	15.375
11:15:01.340206	2.4375	-0.625	-6.9375	15.4375	-39.125	-92.25	38.1875	1.625	3.625	-13.0	-6.625	9.875
11:15:01.350271	2.25	-0.5625	-6.375	6.5	-25.5625	-90.3125	39.0	15.0	3.375	-12.75	-4.125	4.9375
11:15:01.360374	1.9375	-0.6875	-5.9375	1.875	-10.125	-89.625	39.4375	18.5	3.375	-14.5	-1.1875	3.1875
11:15:01.370443	2.3125	-0.8125	-5.75	-1.0625	4.1875	-89.375	39.4375	6.6875	3.6875	-18.375	3.625	3.9375
11:15:01.380519	2.4375	-1.25	-5.3125	-3.125	20.125	-89.6875	39.25	-11.6875	3.9375	-20.0	1.25	7.125
11:15:01.390644	2.375	-0.8125	-4.6875	-2.3125	34.6875	-89.4375	38.6875	-17.9375	4.0	-20.0	1.25	7.125
11:15:01.400719	1.75	0.6875	-4.1875	-2.625	41.4375	-88.375	39.5	-6.5625	3.8125	-13.5625	-18.5625	19.8125
11:15:01.410800	1.75	0.6875	-4.1875	-2.0	47.125	-86.625	40.6875	9.6875	2.8125	-16.1875	-26.75	23.1875
11:15:01.420866	1.75	0.6875	-4.1875	-2.5	48.125	-84.375	43.0625	17.5625	2.8125	-17.875	-27.1875	20.0625
11:15:01.430950	1.75	0.6875	-4.1875	-2.6875	45.875	-81.9375	46.125	13.875	3.5	-19.5	-20.3125	16.375
11:15:01.441022	1.75	0.6875	-4.1875	-4.0	40.3125	-79.8125	48.75	12.25	4.375	-18.3125	-10.0	12.125
11:15:01.451140	-1.3125	3.125	0.0625	-4.25	31.8125	-78.5	51.8125	14.625	5.4375	-18.3125	-10.0	12.125
11:15:01.461896	-5.8125	9.5625	6.0	-0.9375	18.3125	-77.4375	53.9375	12.6875	6.375	-17.6875	-10.375	9.25
11:15:01.471963	-6.5	10.4375	5.875	10.3125	-7.5625	-72.0	56.5	7.375	7.0625	-23.75	-12.75	7.75
11:15:01.482146	-6.5	10.4375	5.875	11.0	-9.8125	-69.1875	59.75	8.375	7.6875	-24.5625	-15.1875	8.5625
11:15:01.492771	-6.375	12.125	4.1875	8.875	-4.9375	-67.0625	63.5625	7.5625	8.8125	-24.5625	-15.1875	8.5625
11:15:01.502907	-6.125	12.9375	2.0	7.4375	0.9375	-65.0625	66.8125	1.5	11.1875	-20.875	-7.4375	6.9375
11:15:01.513018	-5.75	12.625	-0.0625	6.875	2.0625	-60.75	71.1875	-10.625	12.0	-36.5	25.6875	-9.9375
11:15:01.523149	-5.0	9.8125	-1.375	8.75	2.375	-55.375	76.5625	-24.375	11.3125	-30.25	-50.5	-17.75
11:15:01.533795	-4.25	5.3125	-0.9375	8.0625	-1.625	-48.5625	81.875	-32.5625	10.375	-37.4375	-30.3125	-11.9375
11:15:01.543929	-3.375	1.9375	0.1875	5.1875	-8.75	-41.6875	87.6875	-36.4375	8.625	-44.1875	-28.25	-11.0
11:15:01.554028	-2.25	-0.375	1.875	1.125	-16.75	-36.0	93.9375	-34.5	6.75	-55.0	-35.4375	-1.875
11:15:01.564681	-0.9375	-2.1875	3.3125	-1.5625	-22.5	-31.1875	100.0	-28.8125	5.0625	-67.0	-27.625	13.625
11:15:01.574833	0.5625	-1.6875	3.8125	-6.875	-25.5625	-26.375	105.5	-23.6875	4.0625	-83.4375	-25.125	14.875
11:15:01.585489	1.375	-0.625	4.1875	-12.125	-30.25	-22.875	110.625	-23.125	3.75	-83.4375	-25.125	14.875
11:15:01.595580	1.4375	-0.625	4.5	-17.125	-33.5625	-19.375	116.3125	-30.125	4.0625	-95.5	-14.4375	11.4375
11:15:01.605708	0.1875	-3.8125	3.1875	-21.6875	-34.625	-15.625	122.4375	-35.125	4.75	-106.25	-14.4375	8.4375
11:15:01.615973	0.1875	-3.8125	3.1875	-24.6875	-34.3125	-9.875	130.625	-39.125	5.25	-118.0625	-12.6875	7.6875
11:15:01.626039	5.4375	-8.0	1.6875	-24.9375	-31.875	-2.0625	139.125	-49.375	4.8125	-128.5	-13.6875	4.1875
11:15:01.636381	9.875	-18.375	7.375	-24.625	-25.25	8.5625	147.5625	-45.6875	4.375	-141.875	-22.8125	3.5625
11:15:01.646626	11.625	-26.1875	11.25	-32.5625	-23.0	21.875	155.25	-37.25	10.375	-168.8125	38.875	2.0
11:15:01.656780	12.125	-21.9375	8.375	-50.0	-25.0625	37.5	155.25	-37.25	10.375	-190.125	51.3125	-18.4375
11:15:01.666911	10.875	-8.6875	2.9375	-68.25	-30.625	55.375	170.875	-72.5	29.375	-185.5	-46.125	-31.6875
11:15:01.677040	8.8125	8.6875	-2.75	-84.625	-43.75	76.25	175.4375	-153.5625	42.5	-204.9375	-80.8125	-36.5625
11:15:01.687532	7.0	19.5	-6.9375	-94.5625	-59.8125	99.5	175.4375	-153.5625	42.5	-204.9375	-80.8125	-36.5625
11:15:01.697607	6.0	17.125	-6.75	-95.3125	-67.0	121.0	175.4375	-153.5625	42.5	-219.4375	-51.4375	-48.1875
11:15:01.707697	6.5	3.4375	-4.125	-92.3125	-73.0625	136.4375	174.5	-201.625	41.25	-238.1875	-203.3125	-71.25
11:15:01.717821	7.5	-15.9375	-2.0	-83.1875	-67.9375	145.125	171.3125	-239.0	36.875	-256.0	-233.5625	-69.5
11:15:01.727917	7.5625	-33.6875	-3.0	-72.1875	-57.375	150.0625	154.5625	-167.3125	18.8125	-275.4375	-310.0625	-62.1875
11:15:01.738100	7.0	-44.5	-6.0625	-53.8125	-57.0	156.4375	148.0625	-91.3125	9.9375	-271.3125	-431.5	-30.6875
11:15:01.748703	7.0	-47.8125	-8.5625	-35.1875	-64.25	161.0625	134.4375	-61.125	3.6875	-263.0625	-372.1875	35.375
11:15:01.758825	7.3125	-46.75	-10.25	-17.875	-68.0	163.375	113.8125	-32.5	-3.625	-260.6875	-89.4375	111.125
11:15:01.768995	7.25	-44.25	-10.9375	-4.125	-52.6875	167.0	99.3125	1.1875	-1.8125	-279.25	176.6875	89.9375
11:15:01.779069	7.25	-44.25	-10.9375	-5.0625	-30.375	171.75	84.75	11.8125	7.125	-280.125	272.75	1.25
11:15:01.789379	4.1875	-39.3125	-5.375	-21.0	-18.875	172.875	84.75	11.8125	7.125	-280.125	272.75	1.25
11:15:01.799609	1.5625	-33.75	-1.625	-43.0	-8.8125	170.0625	66.5	-14.8125	15.5	31.9375	-245.4375	-103.375
11:15:01.809716	-1.6875	-25.9375	2.5	-54.9375	-7.875	164.4375	-13.25	-83.625	28.25	114.5625	-142.5	-10.25
11:15:01.819985	-4.4375	-18.1875	6.25	-46.4375	-19.375	156.625	-49.875	-73.1875	31.375	165.5625	-69.8125	34.6875
11:15:01.830058	-6.25	-13.0625	8.125	-30.75	-31.0	147.8125	-79.5	-48.1875	33.8125	165.5625	-69.8125	34.6875
11:15:01.840129	-7.4375	-11.25	7.125	-15.4375	-32.3125	138.9375	-106.75	-6.5	35.5	165.5625	-69.8125	34.6875
11:15:01.850260	-7.5	-12.8125	4.0625	-6.875	-30.1875	130.4375	-131.375	20.5	36.875	234.75	-74.5625	18.9375
11:15:01.860375	-6.625	-16.125	1.625	-3.4375	-23.5	122.125	-156.625	58.6875	35.0	279.0625	-70.375	11.5625
11:15:01.870486	-6.1875	-18.875	-0.625	-1.875	-18.1875	114.9375	-181.0	69.3125	30.75	279.0625	-70.375	11.5625
11:15:01.880556	-6.1875	-18.875	-0.625	3.25	-10.4375	108.0	-202.5	64.0	26.75	279.0625	-70.375	11.5625
11:15:01.890623	-5.875	-20.1875	-3.125	9.9375	-8.625	101.0625	-221.5	59.0	25.375	279.0625	-70.375	11.5625
11:15:01.900699	-6.1875	-19.4375	-3.9375	16.5	-8.0625	93.1875	-240.3125	60.1875	26.625	279.0625	-70.375	11.5625
11:15:01.910786	-7.25	-18.125	-4.8125	21.1875	-0.3125	85.125	-259.0625	72.625	26.125	246.3125	200.0	-64.4375
11:15:01.920913	-8.3125	-16.5625	-5.9375	22.875	11.1875	76.5	-277.6875	83.625	24.0	258.625	107.9375	-61.25
11:15:01.930993	-9.4375	-15.3125	-7.375	24.375	33.0625	66.125	-295.5	82.0	21.25	258.625	107.9375	-61.25
11:15:01.941064	-10.125	-14.4375	-7.5625	24.5625	57.875	52.4375	-311.5	68.625	18.8125	258.625	107.9375	-61.25
11:15:01.951131	-10.4375	-13.3125	-8.3125	28.0625	80.0	36.5	-323.25	46.1875	14.1875	231.1875	140.5625	-64.5625
11:15:01.961206	-10.1875	-12.375	-8.625	33.9375	87.125	22.9375	-334.875	21.875	10.75	277.3125	167.8125	-87.875
11:15:01.971302	-9.8125	-11.125	-7.5625	38.6875	76.625	14.75	-345.9375	-0.1875	6.25	277.3125	167.8125	-87.875
11:15:01.981380	-8.25	-8.5	-6.4375	39.125	58.25	8.0	-354.5625	-18.25	1.9375	277.3125	167.8125	-87.875
11:15:01.991473	-6.5	-6.875	-5.9375	38.5625	35.8125	2.0	-358.625	-37.25	-1.6875	277.3125	167.8125	-87.875
11:15:02.001600	-4.3125	-6.5625	-4.4375	44.8125	18.3125	-2.75	-358.625	-37.25	-1.6875	322.8125	-5.875	-110.1875
11:15:02.011671	-2.125	-5.9375	-2.375	51.125	2.6875	-1.75	-354.9375	-73.25	-4.0625	300.0625	-22.4375	-114.6875
11:15:02.021770	0.0	-5.3125	-0.6875	56.6875	-25.0625	3.0	-343.25	-76.0	-1.3125	300.0625	-22.4375	-114.6875
11:15:02.032421	2.125	-4.5	0.8125	48.0	-22.25	5.6875	-325.75	-55.9375	0.1875	300.0625	-22.4375	-114.6875
11:15:02.042660	3.125	-4.375	2.6875	41.5	-1.125	7.75	-304.5	-25.875	-1.5	269.625	-11.875	-115.375
11:15:02.052731	4.6875	-3.3125	5.0625	39.25	24.375	6.5	-280.8125	-2.1875	-3.6875	256.3125	5.75	-115.25
11:15:02.062799	6.1875	-2.25	7.4375	43.25	57.875	3.25	-253.125	7.5625	-3.75	194.9375	64.5625	-81.5
11:15:02.072884	7.8125	-1.875	9.0	47.875	82.25	-1.75	-222.6875	12.8125	-3.125	194.9375	64.5625	-81.5
11:15:02.082956	8.75	-2.375	9.375	53.3125	90.9375	-4.9375	-189.8125	21.4375	-0.1875	194.9375	64.5625	-81.5
11:15:02.093426	8.9375	-3.0625	9.375	50.625	91.25	-3.8125	-153.75	34.3125	3.9375	194.9375	64.5625	-81.5
11:15:02.103819	8.5625	-1.8125	9.1875	36.6875	76.9375	1.9375	-113.9375	43.1875	9.1875	39.125	56.8125	-46.6875
11:15:02.113919	8.0	0.0625	9.3125	16.4375	49.4375	7.0	-70.3125	50.5625	15.125	13.9375	38.625	-29.3125
11:15:02.124722	7.4375	1.375	10.25	-1.1875	25.5	6.5	-25.6875	52.8125	19.9375	13.9375	38.625	-29.3125
11:15:02.135300	7.0625	2.1875	11.0625	-9.9375	3.8125	3.5	17.3125	56.0	22.125	13.9375	38.625	-29.3125
11:15:02.145475	6.8125	2.125	10.625	-7.25	-7.5625	1.25	57.375	63.5	23.25	-70.9375	77.375	17.625
11:15:02.155574	6.375	0.125	8.25	4.0625	-10.5625	0.5	92.75	71.0	24.4375	-94.5	82.625	23.6875
11:15:02.165669	6.375	0.125	8.25	16.875	-6.875	-0.1875	121.5625	78.4375	25.6875	-94.5	82.625	23.6875
11:15:02.175781	5.25	0.75	10.3125	24.1875	-4.625	-2.4375	143.25	87.5625	26.5	-125.9375	83.625	34.3125
11:15:02.186345	4.25	3.375	12.8125	29.875	-10.5	-7.5	156.75	97.375	27.25	-125.9375	83.625	34.3125
11:15:02.196435	3.5625	6.8125	14.4375	33.75	-26.25	-17.0	158.75	91.25	26.25	-118.1875	68.3125	137.6875
11:15:02.206509	1.125	11.125	16.1875	36.0	-44.0	-29.0625	118.25	28.1875	19.625	-191.1875	180.6875	278.25
11:15:02.216583	1.125	11.125	16.1875	30.0625	-39.25	-32.375	59.8125	23.875	-6.625	-191.1875	180.6875	278.25
11:15:02.226661	1.125	11.125	16.1875	29.625	-17.3125	-17.8125	69.6875	144.6875	-23.125	-485.5625	-771.0	110.5
11:15:02.236735	-9.875	28.0	24.0	-8.1875	-43.3125	1.0625	108.125	234.625	-2.0	-423.0625	277.875	32.6875
11:15:02.246809	-13.0	23.0625	21.5625	-44.75	-31.4375	11.625	145.8125	261.125	21.375	-135.9375	806.0	-300.25
11:15:02.256878	-11.5625	3.4375	11.75	-39.0	45.125	-5.3125	137.0	157.125	15.5	-327.75	591.875	1.25
11:15:02.266980	-9.0	-24.75	0.5625	-48.75	59.5	-33.25	128.125	19.625	13.9375	-256.3125	-445.5	-91.5
11:15:02.277077	-8.9375	-39.75	-6.6875	-44.0625	-41.75	-52.4375	126.875	-17.125	21.1875	-256.3125	-445.5	-91.5
11:15:02.287515	-10.625	-32.375	-9.625	9.5	-118.0	-68.875	120.125	-15.5625	23.25	-256.3125	-445.5	-91.5
11:15:02.298025	-11.4375	-11.8125	-10.4375	42.1875	-126.625	-79.25	110.0	13.8125	28.3125	-28.0	340.5	80.9375
11:15:02.308137	-11.5625	11.0	-13.4375	64.625	-133.875	-78.125	81.5625	40.125	26.5	-2.1875	-207.375	48.8125
11:15:02.318234	-11.3125	29.75	-19.125	61.6875	-97.375	-74.625	76.8125	5.5	17.3125	-7.3125	-303.625	31.5625
11:15:02.328369	-11.4375	40.625	-23.3125	34.125	-53.75	-73.0	73.25	-51.4375	11.1875	1.625	2.25	43.625
11:15:02.338469	-11.4375	42.8125	-20.8125	5.0625	-15.875	-76.8125	73.25	-51.4375	11.1875	15.0	150.75	38.5
11:15:02.348909	-9.6875	39.875	-17.25	-5.0625	2.6875	-84.0	66.5625	-99.9375	6.625	15.0	150.75	38.5
11:15:02.358999	-6.3125	37.3125	-14.3125	-4.1875	4.5	-91.625	59.625	-47.1875	4.0	15.0	150.75	38.5
11:15:02.369103	-2.375	34.0625	-11.8125	-2.75	0.6875	-96.25	51.5625	24.5	4.6875	-28.9375	-15.375	9.8125
11:15:02.379666	1.3125	28.6875	-10.8125	2.6875	-1.375	-97.625	47.875	70.875	6.3125	-28.5	40.375	3.25
11:15:02.389764	4.0	21.875	-9.8125	13.0625	2.5625	-96.75	49.125	73.0625	6.5	-28.5	40.375	3.25
11:15:02.400212	5.75	14.75	-8.6875	9.625	14.0625	-98.25	48.875	48.4375	6.1875	-18.8125	3.5	3.1875
11:15:02.410312	6.5	11.0625	-8.875	5.0625	19.875	-100.375	45.8125	23.0	5.4375	-14.75	18.5	7.875
11:15:02.420386	6.6875	10.1875	-9.4375	7.8125	3.75	-101.625	44.25	-3.125	5.25	-25.0625	24.75	8.125
11:15:02.430966	6.375	10.5625	-10.5625	15.1875	-19.9375	-101.5625	44.0	-31.0	5.1875	-28.9375	15.0	8.875
11:15:02.441108	5.875	10.5625	-11.375	25.5	-40.0	-101.4375	43.0625	-49.125	4.5625	-28.9375	15.0	8.875
11:15:02.451246	5.375	10.375	-11.9375	30.0625	-47.375	-100.6875	41.6875	-49.625	3.6875	-10.6875	-26.5	21.3125
11:15:02.461314	5.375	10.3125	-12.4375	20.0625	-37.875	-93.375	41.0	-35.0	2.4375	-5.6875	-22.375	24.0625
11:15:02.471383	5.25	10.3125	-13.25	12.375	-18.75	-88.4375	42.3125	-7.875	1.75	-10.0625	-22.375	18.625
11:15:02.481462	5.0625	10.375	-14.0625	4.0625	-3.625	-84.75	44.3125	12.375	1.3125	-10.0625	-22.375	18.625
11:15:02.491649	5.125	9.875	-13.4375	-1.8125	11.4375	-83.0625	45.8125	20.125	0.875	-10.0625	-22.375	18.625
11:15:02.501773	5.25	9.0	-12.75	-3.0	23.1875	-82.875	47.625	12.1875	1.375	-22.8125	0.3125	10.0
11:15:02.512371	5.125	7.625	-12.25	0.0625	28.5	-82.625	48.8125	-0.375	2.4375	-25.1875	-5.0625	12.25
11:15:02.522516	4.875	6.3125	-11.3125	2.3125	30.125	-81.0	49.5	-6.0625	3.0625	-25.1875	-5.0625	12.25
11:15:02.532611	4.6875	5.125	-10.1875	1.0625	32.6875	-79.125	50.3125	-4.5625	3.5	-24.9375	-17.25	19.25
11:15:02.542728	4.0625	4.625	-8.25	-1.0625	34.5625	-76.875	51.9375	2.1875	3.1875	-21.5	-20.375	20.875
11:15:02.552850	3.0625	3.9375	-5.9375	-3.75	38.8125	-75.0	53.5	13.0	3.0625	-19.9375	-16.6875	21.75
11:15:02.563508	1.6875	4.4375	-4.4375	-3.75	40.4375	-73.875	55.875	18.4375	3.0625	-19.9375	-16.6875	21.75
11:15:02.573846	-0.1875	5.5	-2.8125	-3.375	36.5625	-73.125	58.0	19.25	3.4375	-23.9375	-19.3125	24.6875
11:15:02.584587	-2.375	6.75	-1.3125	-2.25	27.5	-72.625	59.875	18.4375	4.0	-23.9375	-19.3125	24.6875
11:15:02.594653	-4.3125	8.4375	0.5	-0.9375	19.9375	-72.5625	61.3125	17.3125	4.125	-22.75	-25.9375	21.25
11:15:02.604726	-6.1875	9.875	2.5625	-0.4375	16.25	-73.4375	61.375	17.5	4.625	-20.4375	1.625	16.4375
11:15:02.614797	-7.75	11.125	4.5625	0.5625	17.4375	-73.8125	59.625	13.75	5.6875	-24.125	-20.5625	18.25
11:15:02.624865	-9.0625	11.6875	6.1875	1.25	21.875	-73.625	58.75	6.25	6.6875	-27.25	5.875	-5.5625
11:15:02.634992	-9.9375	12.5625	7.75	1.9375	26.8125	-74.0	58.0625	-3.25	9.25	-24.1875	9.5	-23.375
11:15:02.645054	-10.8125	13.875	7.8125	5.5625	26.25	-73.25	55.5	-14.6875	12.3125	-26.25	-90.8125	-20.0
11:15:02.655130	-10.25	14.875	8.8125	9.875	18.25	-70.375	58.625	-31.875	11.375	-29.0	-79.5	-3.5625
11:15:02.665225	-8.75	15.0625	7.875	14.5625	4.3125	-65.4375	63.75	-42.125	8.9375	-35.8125	-21.125	-3.4375
11:15:02.675334	-6.3125	11.875	7.0625	14.8125	-12.75	-59.0	68.4375	-37.4375	5.8125	-44.625	-28.75	-0.125
11:15:02.685578	-6.3125	11.875	7.0625	8.375	-25.0	-52.125	76.1875	-27.875	3.375	-44.625	-28.75	-0.125
11:15:02.695663	-4.0	6.375	7.75	0.3125	-27.125	-46.25	76.1875	-27.875	3.375	-44.625	-28.75	-0.125
11:15:02.705782	-2.6875	1.375	7.0	-4.5625	-32.9375	-40.5	93.1875	-10.5	0.0625	-81.375	6.5	16.25
11:15:02.716220	-1.625	-4.4375	6.5625	-7.25	-36.0625	-34.8125	101.625	-7.25	0.1875	-92.3125	2.625	15.125
11:15:02.726347	-2.0	-3.5625	6.125	-10.25	-36.6875	-29.0625	109.3125	-6.4375	0.0625	-104.5	3.625	17.0625
11:15:02.736431	-2.5	-2.125	6.5	-16.625	-35.4375	-22.6875	116.5625	-6.375	1.25	-117.5625	5.1875	15.9375
11:15:02.746497	-2.9375	-2.375	8.125	-24.1875	-31.125	-15.375	124.5	-8.0	3.0	-128.75	-2.6875	12.0
11:15:02.756569	-2.4375	-2.625	8.375	-29.6875	-28.3125	-6.75	133.125	-13.6875	5.0625	-139.625	-13.625	7.875
11:15:02.766742	-2.4375	-2.625	8.375	-30.125	-26.75	3.375	142.0625	-24.375	7.1875	-139.625	-13.625	7.875
11:15:02.777424	2.75	-0.3125	8.0	-28.375	-23.5	15.0625	151.25	-41.875	6.8125	-139.625	-13.625	7.875
11:15:02.787634	14.625	-15.4375	20.5	-32.625	-18.9375	28.1875	158.875	-40.3125	5.6875	-139.625	-13.625	7.875
11:15:02.797698	17.5	-14.9375	18.875	-49.25	-15.8125	43.5625	164.625	-29.0625	10.75	-202.5625	61.25	-11.3125
11:15:02.808050	16.9375	-3.125	12.125	-73.8125	-17.625	62.5	169.3125	-42.0	18.75	-202.5625	61.25	-11.3125
11:15:02.818118	12.9375	17.5625	4.25	-93.9375	-20.0625	83.5625	173.4375	-120.75	34.0625	-215.1875	-64.0625	-43.875
11:15:02.828222	8.375	35.1875	-2.125	-101.5625	-32.3125	105.5	173.25	-173.0	35.0625	-215.1875	-64.0625	-43.875
11:15:02.838349	6.3125	37.8125	-3.625	-94.8125	-46.0	124.6875	165.375	-225.875	30.8125	-215.1875	-64.0625	-43.875
11:15:02.848999	6.625	24.5	-0.25	-86.625	-46.6875	135.1875	156.4375	-240.9375	25.0	-215.1875	-64.0625	-43.875
11:15:02.859066	7.3125	1.375	3.3125	-82.5625	-39.25	141.25	145.5625	-187.0625	15.1875	-215.1875	-64.0625	-43.875
11:15:02.869171	6.5625	-23.1875	4.0	-73.375	-30.6875	147.3125	145.0625	-116.875	5.5625	-238.5	-122.0625	-59.625
11:15:02.879275	5.9375	-38.75	0.4375	-52.5625	-31.0	154.6875	143.5625	-78.375	0.9375	-238.5	-122.0625	-59.625
11:15:02.889415	5.5	-43.875	-2.8125	-29.75	-39.625	158.125	126.125	-59.5	-5.25	-238.5	-122.0625	-59.625
11:15:02.899518	4.75	-43.125	-6.0625	-12.1875	-36.9375	158.6875	126.125	-59.5	-5.25	-273.5625	182.8125	113.5625
11:15:02.909672	3.5	-39.125	-9.875	-8.125	-25.9375	160.25	90.5	10.5625	1.75	-273.5625	182.8125	113.5625
11:15:02.919792	1.5	-32.875	-10.875	-19.5625	-15.5625	163.875	79.0625	8.0	10.6875	-273.5625	182.8125	113.5625
11:15:02.930286	-0.8125	-25.875	-9.625	-37.5625	-9.0625	165.125	50.0	-41.625	17.75	-273.5625	182.8125	113.5625
11:15:02.940560	-3.125	-19.1875	-6.625	-47.1875	-4.625	164.125	10.9375	-60.5625	22.3125	89.125	-102.375	0.0625
11:15:02.950628	-4.875	-12.5	-3.0	-43.625	-6.8125	159.375	-23.0	-45.5	24.1875	89.125	-102.375	0.0625
11:15:02.960697	-6.4375	-6.5	0.0625	-33.5625	-14.0625	151.5625	-53.5625	-18.625	26.25	162.8125	62.875	55.75
11:15:02.970770	-7.125	-2.5	1.0625	-25.75	-16.125	143.625	-81.6875	6.8125	27.3125	162.8125	62.875	55.75
11:15:02.980874	-7.0	-2.25	0.5625	-18.5625	-15.6875	136.25	-107.375	22.375	27.625	252.875	-94.125	10.4375
11:15:02.990992	-6.5	-4.8125	-1.625	-10.8125	-18.375	130.5	-133.375	58.125	26.75	252.875	-94.125	10.4375
11:15:03.001112	-5.1875	-8.5625	-3.875	0.375	-18.8125	116.5625	-157.8125	63.8125	23.8125	252.875	-94.125	10.4375
11:15:03.011231	-3.5	-11.875	-5.8125	4.375	-15.5625	108.0	-181.125	64.0625	19.375	211.1875	258.75	-57.9375
11:15:03.021334	-2.625	-14.6875	-7.1875	9.5625	-9.4375	98.875	-200.625	60.8125	16.4375	211.1875	258.75	-57.9375
11:15:03.031998	-2.0	-15.875	-8.125	17.5625	-3.0625	90.125	-219.0	65.5	16.0625	211.1875	258.75	-57.9375
11:15:03.042082	-1.5	-15.1875	-8.5	21.5625	4.0625	83.375	-237.5625	78.4375	15.25	211.1875	258.75	-57.9375
11:15:03.052158	-1.8125	-12.5625	-8.6875	22.0625	19.0625	74.5	-255.0	97.875	13.125	211.1875	258.75	-57.9375
11:15:03.062230	-2.4375	-9.25	-8.8125	27.125	45.4375	62.0	-272.625	110.1875	9.0	211.1875	258.75	-57.9375
11:15:03.072308	-2.75	-5.875	-8.625	31.5	68.1875	48.4375	-289.625	105.5	3.75	211.1875	258.75	-57.9375
11:15:03.082381	-2.8125	-3.5625	-8.5	36.1875	84.1875	34.5	-303.5625	93.0625	-0.25	211.1875	258.75	-57.9375
11:15:03.092467	-2.5625	-2.5625	-8.1875	43.375	90.4375	20.625	-315.375	72.1875	-4.8125	211.1875	258.75	-57.9375
11:15:03.102555	-2.375	-1.8125	-8.125	48.625	85.9375	10.8125	-325.5625	56.1875	-9.25	211.1875	258.75	-57.9375
11:15:03.112644	-1.6875	-1.4375	-7.3125	45.875	71.5625	3.5	-336.5625	30.75	-13.125	211.1875	258.75	-57.9375
11:15:03.122761	-1.125	-1.4375	-6.3125	45.875	71.5625	3.5	-336.5625	30.75	-13.125	329.1875	73.5	-76.5
11:15:03.133240	-0.3125	-2.0625	-4.9375	44.5	52.625	-1.5	-349.75	-29.125	-16.25	324.0	57.1875	-81.4375
11:15:03.143338	0.75	-3.0	-3.0	45.1875	20.875	-4.9375	-351.3125	-50.625	-12.9375	324.0	57.1875	-81.4375
11:15:03.154058	1.625	-3.375	-1.625	46.8125	6.375	-4.8125	-349.5	-60.125	-8.25	324.0	57.1875	-81.4375
11:15:03.164160	3.375	-4.125	-2.125	47.125	2.0	-4.8125	-341.8125	-55.4375	-2.125	324.0	57.1875	-81.4375
11:15:03.174772	4.0625	-4.625	-1.8125	50.25	2.5625	-2.6875	-327.5625	-43.6875	2.4375	324.0	57.1875	-81.4375
11:15:03.184846	5.4375	-3.9375	-1.5625	45.1875	13.0625	1.0625	-309.375	-31.125	4.5	324.0	57.1875	-81.4375
11:15:03.194996	6.75	-2.3125	-0.625	38.375	28.4375	3.75	-286.5	-24.375	5.3125	324.0	57.1875	-81.4375
11:15:03.205068	8.0625	-2.375	-0.375	34.1875	52.3125	4.3125	-260.9375	-29.125	6.125	324.0	57.1875	-81.4375
11:15:03.215159	9.25	-2.3125	-1.75	41.1875	72.4375	4.6875	-235.6875	-35.25	8.8125	324.0	57.1875	-81.4375
11:15:03.225228	9.875	-1.75	-3.25	55.6875	69.875	6.375	-206.8125	-28.0625	12.4375	324.0	57.1875	-81.4375
11:15:03.235330	9.875	-0.4375	-4.75	72.125	56.5	6.5	-206.8125	-28.0625	12.4375	324.0	57.1875	-81.4375
11:15:03.245798	9.5	1.3125	-5.375	70.75	38.0625	8.4375	-134.4375	6.5	21.125	277.75	19.8125	-117.625
11:15:03.255866	9.1875	3.5625	-4.875	49.8125	15.375	11.0	-92.0625	27.9375	26.5	164.4375	53.9375	-88.75
11:15:03.265957	8.375	5.25	-4.0625	24.0625	-0.3125	11.1875	-47.5625	39.125	30.1875	164.4375	53.9375	-88.75
11:15:03.276053	7.9375	6.0	-2.5625	5.3125	-4.75	9.8125	-2.25	42.9375	31.625	164.4375	53.9375	-88.75
11:15:03.286659	7.375	6.6875	-0.4375	0.3125	-4.1875	9.25	40.6875	49.3125	31.0	164.4375	53.9375	-88.75
11:15:03.297099	7.5625	6.625	0.0625	7.4375	3.8125	8.0625	79.0625	58.5	31.0	164.4375	53.9375	-88.75
11:15:03.307190	7.75	7.25	-0.125	14.875	15.875	3.875	110.0	69.0625	30.875	164.4375	53.9375	-88.75
11:15:03.317315	8.25	8.875	-0.0625	17.875	20.5	-2.75	133.25	79.125	31.375	164.4375	53.9375	-88.75
11:15:03.327432	8.1875	11.375	-1.5625	22.375	9.6875	-12.5	143.9375	72.0625	30.5	164.4375	53.9375	-88.75
11:15:03.337610	5.0625	14.625	-3.0625	30.0	-10.0	-27.3125	116.1875	16.625	21.5625	164.4375	53.9375	-88.75
11:15:03.348088	-2.375	21.9375	-0.625	21.375	-12.875	-35.125	73.0625	54.8125	-8.625	164.4375	53.9375	-88.75
11:15:03.358193	-9.75	30.875	4.5	-6.0625	2.1875	-20.5	93.8125	191.4375	-23.875	164.4375	53.9375	-88.75
11:15:03.368358	-15.625	28.3125	6.6875	-36.5	-21.9375	6.125	158.4375	311.0625	24.625	164.4375	53.9375	-88.75
11:15:03.378508	-16.25	9.625	2.625	-15.1875	-53.1875	25.75	152.5	172.625	25.8125	164.4375	53.9375	-88.75
11:15:03.388639	-13.1875	-22.3125	-6.1875	36.1875	-12.9375	21.125	146.5	15.3125	26.1875	164.4375	53.9375	-88.75
11:15:03.399181	-11.5	-46.5	-14.9375	-30.875	61.125	0.4375	144.25	-23.3125	28.5	164.4375	53.9375	-88.75
11:15:03.409281	-11.0	-48.75	-18.9375	-78.375	56.875	-29.0625	137.875	1.0625	22.875	164.4375	53.9375	-88.75
11:15:03.419348	-10.6875	-36.5625	-18.6875	-48.3125	-64.9375	-49.0	122.875	49.0625	22.0625	164.4375	53.9375	-88.75
11:15:03.429424	-10.5625	-15.875	-18.5	21.6875	-164.25	-57.4375	106.6875	70.375	31.0	164.4375	53.9375	-88.75
11:15:03.439602	-9.5	7.875	-21.375	53.25	-158.8125	-58.5	97.5625	47.375	32.5	164.4375	53.9375	-88.75
11:15:03.449743	-8.9375	26.8125	-26.75	77.0625	-142.25	-56.8125	90.625	-15.5625	27.8125	164.4375	53.9375	-88.75
11:15:03.460409	-8.8125	37.9375	-30.75	72.6875	-113.875	-54.0	85.625	-104.375	25.1875	164.4375	53.9375	-88.75
11:15:03.470479	-9.0	40.75	-29.625	34.6875	-93.75	-59.1875	82.0625	-157.5	20.375	164.4375	53.9375	-88.75
11:15:03.480590	-9.5625	38.875	-25.0	6.6875	-66.4375	-67.4375	82.0625	-157.5	20.375	-119.5625	312.875	29.0
11:15:03.490666	-10.0625	34.25	-19.25	-5.1875	-50.5	-74.9375	75.0	-76.6875	7.0625	-119.5625	312.875	29.0
11:15:03.500785	-9.5625	27.75	-13.4375	-13.6875	-28.3125	-86.0	65.375	30.125	7.1875	-96.1875	197.375	46.625
11:15:03.510851	-7.1875	19.0	-10.8125	-18.125	2.9375	-86.0	62.125	99.5	10.5	-96.1875	197.375	46.625
11:15:03.521337	-3.75	9.5	-9.0625	-18.125	2.9375	-86.0	62.125	99.5	10.5	-32.5625	-65.875	-0.75
11:15:03.531473	-0.875	1.75	-6.8125	-4.25	25.5625	-87.75	63.625	113.375	12.25	-45.4375	31.5625	-6.8125
11:15:03.541548	0.75	-2.875	-5.0625	6.125	28.8125	-89.0625	56.75	51.6875	9.5625	-27.875	48.5625	11.125
11:15:03.551917	0.875	-2.625	-5.75	10.4375	17.3125	-90.25	52.375	-12.5	9.125	-37.375	15.125	13.75
11:15:03.561989	0.5625	-0.125	-8.0	23.625	-42.1875	-93.1875	50.375	-65.25	9.5625	-37.375	15.125	13.75
11:15:03.572067	0.4375	2.8125	-9.8125	32.5	-73.0	-94.4375	47.25	-84.1875	6.625	-37.375	15.125	13.75
11:15:03.582195	0.625	4.0625	-10.75	35.3125	-87.625	-95.0	44.625	-62.8125	4.0625	-37.375	15.125	13.75
11:15:03.592262	0.8125	4.375	-10.9375	33.75	-84.8125	-94.25	44.1875	-14.5625	2.5625	-37.375	15.125	13.75
11:15:03.602346	1.0	3.5	-10.5625	26.4375	-69.5	-93.9375	46.0625	36.375	1.4375	-37.375	15.125	13.75
11:15:03.612410	1.375	2.6875	-9.5	13.75	-43.625	-92.8125	48.375	57.3125	1.25	-37.375	15.125	13.75
11:15:03.622485	1.5	2.125	-8.0	0.0	-17.1875	-92.0	50.4375	29.0	1.4375	-37.375	15.125	13.75
11:15:03.632554	1.5	2.125	-6.4375	-5.5625	2.75	-92.4375	49.75	-5.0625	1.3125	-37.375	15.125	13.75
11:15:03.642624	1.3125	2.1875	-5.75	3.5625	9.375	-94.125	49.0	-13.75	2.5625	-37.375	15.125	13.75
11:15:03.652730	1.1875	2.9375	-5.9375	-0.4375	18.5625	-94.625	48.6875	-2.75	3.0	-37.375	15.125	13.75
11:15:03.662798	1.375	5.0	-6.0625	-5.375	31.3125	-95.0	47.5625	7.8125	1.0625	-37.375	15.125	13.75
11:15:03.672965	1.1875	6.375	-6.875	-9.125	53.5	-94.25	46.6875	17.75	0.3125	-37.375	15.125	13.75
11:15:03.683051	0.75	8.8125	-7.4375	-12.625	75.375	-94.0	46.625	25.0	0.5625	-37.375	15.125	13.75
11:15:03.693121	0.0625	10.9375	-6.4375	-15.0625	88.0625	-94.4375	49.0	20.5	0.875	-37.375	15.125	13.75
11:15:03.703204	-0.375	12.125	-3.8125	-12.6875	86.375	-94.0	50.4375	6.625	0.9375	-37.375	15.125	13.75
11:15:03.713316	-1.5	12.75	-2.25	-8.8125	64.75	-93.3125	50.0625	-4.875	0.9375	-37.375	15.125	13.75
11:15:03.723956	-3.0625	12.6875	-0.25	-5.0625	43.625	-91.75	50.625	-7.375	1.0625	-37.375	15.125	13.75
11:15:03.734052	-3.0625	12.6875	-0.25	-1.75	24.75	-90.0	51.5	-7.875	1.8125	-37.375	15.125	13.75
11:15:03.744141	-3.0625	12.6875	-0.25	0.625	12.0625	-87.6875	50.875	-9.25	4.0	-37.375	15.125	13.75
11:15:03.754291	-7.75	11.0	8.6875	3.125	4.75	-84.4375	52.0	-14.75	7.3125	-37.375	15.125	13.75
11:15:03.764856	-8.75	8.625	11.9375	8.0625	-0.75	-80.75	53.5625	-28.9375	8.875	-37.375	15.125	13.75
11:15:03.774924	-9.4375	6.5625	14.875	10.8125	-7.9375	-75.5625	55.0	-42.9375	8.3125	-37.375	15.125	13.75
11:15:03.785001	-9.4375	4.8125	16.875	11.1875	-15.3125	-70.0	60.9375	-50.25	7.1875	-37.375	15.125	13.75
11:15:03.795124	-9.4375	4.8125	16.875	10.5625	-21.0	-65.8125	65.5	-45.4375	4.3125	-4.75	-18.75	23.6875
11:15:03.805427	-7.125	2.375	15.9375	7.75	-26.875	-60.5	72.0	-37.9375	1.6875	-18.1875	6.375	10.4375
11:15:03.815539	-3.8125	-1.6875	13.875	3.5625	-27.3125	-54.5	72.0	-37.9375	1.6875	-18.1875	6.375	10.4375
11:15:03.825861	-3.5	-4.5	12.5	-2.375	-29.4375	-48.6875	88.4375	-18.1875	0.0	-18.1875	6.375	10.4375
11:15:03.835932	-3.625	-7.625	13.8125	-7.8125	-26.1875	-43.1875	98.0625	-12.75	0.0	-18.1875	6.375	10.4375
11:15:03.846007	-3.6875	-8.8125	13.6875	-11.75	-18.75	-36.3125	107.125	-7.125	1.0625	-18.1875	6.375	10.4375
11:15:03.856090	-4.5625	-6.0625	13.25	-15.0625	-18.8125	-28.0625	116.875	-6.5	2.875	-18.1875	6.375	10.4375
11:15:03.866161	-5.4375	-4.375	13.5	-18.375	-20.5	-18.1875	127.3125	-8.9375	5.625	-18.1875	6.375	10.4375
11:15:03.876240	-4.875	-3.0	11.4375	-24.3125	-19.0625	-7.25	138.25	-13.3125	9.3125	-18.1875	6.375	10.4375
11:15:03.886750	-4.875	-3.0	11.4375	-25.3125	-17.875	4.5	149.3125	-21.1875	12.25	-18.1875	6.375	10.4375
11:15:03.896853	12.3125	-3.8125	10.3125	-22.1875	-12.75	17.5	160.25	-37.875	11.75	-18.1875	6.375	10.4375
11:15:03.906996	19.0	-17.5	18.0625	-27.0	-6.375	32.125	169.875	-33.4375	9.6875	-18.1875	6.375	10.4375
11:15:03.917095	21.5	-19.5625	19.4375	-48.4375	-9.0625	50.0	176.375	-21.4375	15.3125	-62.8125	-21.4375	12.6875
11:15:03.927708	20.0625	-2.8125	14.6875	-79.0	-21.5625	69.0	181.4375	-39.3125	25.0	-62.8125	-21.4375	12.6875
11:15:03.937851	15.1875	27.5	4.1875	-90.4375	-26.6875	88.3125	182.125	-104.4375	41.0625	-62.8125	-21.4375	12.6875
11:15:03.947962	11.25	49.5	-3.3125	-88.625	-33.125	109.75	177.875	-163.0	40.0625	-62.8125	-21.4375	12.6875
11:15:03.958044	9.25	43.625	-2.0	-86.25	-33.625	126.0625	177.875	-163.0	40.0625	-62.8125	-21.4375	12.6875
11:15:03.968711	7.25	20.0625	1.625	-86.0	-29.0	133.0	154.3125	-263.0	28.3125	-62.8125	-21.4375	12.6875
11:15:03.978861	4.125	-9.3125	3.9375	-84.4375	-28.1875	136.4375	147.5	-223.375	21.9375	-62.8125	-21.4375	12.6875
11:15:03.989028	4.125	-9.3125	3.9375	-76.1875	-33.1875	140.125	146.8125	-148.6875	14.6875	-62.8125	-21.4375	12.6875
11:15:03.999713	0.0625	-48.375	1.375	-54.75	-32.8125	147.9375	144.0	-91.125	8.5625	-62.8125	-21.4375	12.6875
11:15:04.009798	0.5	-50.875	-1.875	-32.75	-37.1875	155.25	127.125	-56.6875	0.6875	-62.8125	-21.4375	12.6875
11:15:04.019872	0.75	-48.3125	-5.375	-16.5625	-39.1875	159.8125	101.5	-25.125	-1.9375	-62.8125	-21.4375	12.6875
11:15:04.029943	0.375	-44.8125	-8.125	-11.9375	-35.0625	163.75	78.0625	-2.125	2.6875	-62.8125	-21.4375	12.6875
11:15:04.040010	-1.5	-41.3125	-7.8125	-21.4375	-34.25	166.4375	70.0625	12.3125	12.875	-62.8125	-21.4375	12.6875
11:15:04.050084	-3.625	-37.375	-5.5	-38.5	-32.75	165.3125	53.125	-30.25	23.75	-62.8125	-21.4375	12.6875
11:15:04.060165	-5.0	-31.0	-2.9375	-51.5	-31.9375	161.5	20.8125	-66.0625	30.3125	-62.8125	-21.4375	12.6875
11:15:04.070283	-5.8125	-22.8125	0.25	-46.25	-36.875	156.1875	-22.0625	-62.125	31.8125	-62.8125	-21.4375	12.6875
11:15:04.080362	-6.125	-14.75	3.125	-16.4375	-48.4375	142.1875	-56.4375	-33.375	31.875	-62.8125	-21.4375	12.6875
11:15:04.090433	-6.125	-14.75	3.125	-11.875	-39.6875	134.625	-80.8125	-8.3125	32.75	-62.8125	-21.4375	12.6875
11:15:04.100885	-5.375	-9.9375	4.875	-11.875	-39.6875	134.625	-80.8125	-8.3125	32.75	-260.625	21.5	35.25
11:15:04.111301	-4.8125	-12.5625	3.75	-10.25	-28.9375	126.625	-133.1875	35.25	34.375	-260.625	21.5	35.25
11:15:04.121397	-4.5	-16.1875	2.0	-5.0	-10.3125	112.75	-156.75	60.9375	32.8125	-260.625	21.5	35.25
11:15:04.131475	-4.375	-18.3125	-0.5625	0.5625	-3.1875	107.3125	-179.875	76.5	29.8125	-260.625	21.5	35.25
11:15:04.141547	-4.1875	-19.125	-1.5	6.0	1.375	101.1875	-199.6875	75.1875	26.3125	-260.625	21.5	35.25
11:15:04.151620	-4.0	-19.125	-2.5	13.75	6.875	94.0	-218.5	74.9375	24.375	-260.625	21.5	35.25
11:15:04.161702	-3.5	-18.375	-3.4375	17.875	14.1875	87.375	-236.4375	78.25	22.4375	-260.625	21.5	35.25
11:15:04.171768	-2.9375	-17.25	-4.4375	18.3125	23.3125	80.875	-253.4375	78.6875	20.0	-260.625	21.5	35.25
11:15:04.181842	-2.4375	-15.625	-5.5	20.8125	36.0	71.0625	-269.9375	73.375	16.875	-260.625	21.5	35.25
11:15:04.191916	-2.4375	-15.625	-5.5	26.25	54.3125	59.3125	-288.125	60.0	13.1875	-260.625	21.5	35.25
11:15:04.202039	-2.375	-12.8125	-5.5625	26.25	54.3125	59.3125	-302.5	45.5	9.75	176.8125	150.6875	-85.25
11:15:04.212122	-2.5625	-12.0	-5.9375	36.5625	72.1875	33.6875	-314.1875	30.125	4.75	176.8125	150.6875	-85.25
11:15:04.222187	-2.5625	-11.3125	-5.25	42.25	67.3125	23.5	-326.625	14.8125	1.125	176.8125	150.6875	-85.25
11:15:04.232260	-2.5625	-11.3125	-5.25	45.25	59.4375	13.75	-337.875	2.8125	-2.3125	176.8125	150.6875	-85.25
11:15:04.242330	-2.5625	-11.3125	-5.25	46.375	47.1875	5.0625	-347.3125	-3.8125	-3.875	176.8125	150.6875	-85.25
11:15:04.252402	0.6875	-10.75	-2.875	48.875	33.6875	-3.0625	-355.4375	-4.875	-4.8125	176.8125	150.6875	-85.25
11:15:04.262485	2.75	-10.0	-2.375	51.5	21.25	-8.125	-363.0625	-6.5	-8.375	176.8125	150.6875	-85.25
11:15:04.272568	5.0625	-8.8125	-1.625	56.8125	4.375	-11.6875	-366.4375	-8.25	-13.6875	176.8125	150.6875	-85.25
11:15:04.282640	7.3125	-7.3125	-0.125	56.625	-5.4375	-14.125	-360.0	-15.5	-15.0625	176.8125	150.6875	-85.25
11:15:04.292728	7.3125	-7.3125	-0.125	51.0625	-9.6875	-13.625	-344.9375	-31.625	-14.5625	176.8125	150.6875	-85.25
11:15:04.302840	10.0625	-4.75	3.75	41.125	0.0625	-12.875	-324.5625	-41.375	-14.3125	329.75	50.8125	-85.75
11:15:04.312958	10.0625	-4.75	3.75	30.8125	17.75	-10.75	-300.0625	-36.625	-13.1875	329.75	50.8125	-85.75
11:15:04.323026	10.75	-2.0	9.8125	28.625	42.5	-9.1875	-271.1875	-29.5	-11.6875	329.75	50.8125	-85.75
11:15:04.333191	10.875	-0.3125	13.125	32.375	70.875	-9.8125	-239.3125	-12.9375	-8.25	329.75	50.8125	-85.75
11:15:04.343316	10.6875	-0.25	14.0625	46.375	79.3125	-10.3125	-203.375	12.5	-3.75	329.75	50.8125	-85.75
11:15:04.353420	10.75	-0.8125	12.5	53.875	83.625	-8.3125	-160.3125	27.75	0.5625	329.75	50.8125	-85.75
11:15:04.363546	11.125	-0.9375	10.0	43.5625	79.9375	-1.0	-110.75	43.0625	7.375	329.75	50.8125	-85.75
11:15:04.373614	11.125	-0.9375	7.875	21.125	65.875	9.125	-60.125	48.125	14.375	329.75	50.8125	-85.75
11:15:04.384053	10.625	-2.3125	6.1875	-1.375	45.6875	15.5625	-9.125	46.4375	19.75	329.75	50.8125	-85.75
11:15:04.394231	10.125	-4.125	6.625	-13.375	17.875	17.8125	39.6875	49.0	22.875	276.0625	-5.0	-116.625
11:15:04.404356	9.5625	-6.125	7.75	-13.375	17.875	17.8125	83.1875	55.0	25.0	101.5625	37.125	-51.25
11:15:04.414482	9.5625	-6.125	7.75	-10.1875	-5.4375	16.75	83.1875	55.0	25.0	-76.25	86.9375	15.1875
11:15:04.424608	9.875	-9.3125	9.625	4.3125	-19.875	11.5625	143.3125	71.0	28.3125	-76.25	86.9375	15.1875
11:15:04.434682	9.75	-9.125	10.1875	33.5625	-49.25	-11.0	148.0	51.375	27.1875	-76.25	86.9375	15.1875
11:15:04.445006	9.0	-8.6875	9.6875	47.8125	-69.0625	-25.8125	103.0625	-1.5625	15.0	-76.25	86.9375	15.1875
11:15:04.455115	4.5625	-4.5625	10.4375	32.3125	-76.3125	-20.5625	91.25	99.625	-12.8125	-76.25	86.9375	15.1875
11:15:04.465249	-12.9375	14.4375	20.8125	4.25	-84.0	5.5625	119.875	207.375	-12.375	-76.25	86.9375	15.1875
11:15:04.475383	-17.5	9.0	21.375	-13.1875	-100.625	31.1875	156.5625	305.0	15.75	-76.25	86.9375	15.1875
11:15:04.485830	-15.1875	-14.8125	14.5	27.0625	-70.6875	35.5	161.0625	254.0	24.375	-76.25	86.9375	15.1875
11:15:04.495903	-10.375	-44.75	3.1875	-11.5	16.4375	11.75	143.25	87.6875	19.4375	-164.125	227.0625	306.9375
11:15:04.506054	-8.375	-49.5	-5.1875	-68.5	77.3125	-19.625	134.0	-28.5625	20.3125	-164.125	227.0625	306.9375
11:15:04.516193	-7.9375	-32.5	-7.4375	-72.8125	2.5	-37.6875	136.9375	-54.1875	29.6875	-164.125	227.0625	306.9375
11:15:04.526309	-8.375	-10.875	-7.6875	-7.8125	-118.9375	-52.875	129.1875	-43.875	31.75	-164.125	227.0625	306.9375
11:15:04.536904	-9.0	10.5	-12.0	37.6875	-135.6875	-62.4375	109.9375	12.6875	36.9375	-164.125	227.0625	306.9375
11:15:04.546974	-9.5	28.3125	-19.9375	57.8125	-110.1875	-64.125	95.8125	66.0	35.9375	-164.125	227.0625	306.9375
11:15:04.557067	-10.3125	39.625	-26.1875	60.0	-77.625	-60.6875	89.8125	58.5625	26.3125	-164.125	227.0625	306.9375
11:15:04.567206	-11.375	43.3125	-26.5625	33.125	-52.625	-61.5625	86.4375	-7.25	18.9375	-164.125	227.0625	306.9375
11:15:04.577277	-11.5625	42.25	-22.3125	6.8125	-33.6875	-67.5	79.875	-125.8125	10.875	-164.125	227.0625	306.9375
11:15:04.587379	-11.5625	42.25	-22.3125	-2.125	-23.8125	-75.5	79.875	-125.8125	10.875	-164.125	227.0625	306.9375
11:15:04.597879	-10.8125	39.25	-17.375	0.8125	-35.4375	-82.625	73.9375	-106.0	8.9375	-138.6875	-437.6875	-100.875
11:15:04.608005	-10.8125	39.25	-17.375	5.75	-39.875	-87.8125	64.75	-24.1875	8.3125	-59.8125	142.1875	32.1875
11:15:04.618432	-7.9375	34.875	-13.625	5.75	-39.875	-87.8125	59.6875	59.25	6.625	-36.0	-59.9375	12.8125
11:15:04.628544	-3.5625	29.5	-11.4375	-2.875	5.125	-91.0	60.9375	93.4375	6.0625	-36.0	-59.9375	12.8125
11:15:04.638618	3.6875	16.0	-8.5625	8.4375	27.25	-93.1875	59.3125	100.25	5.4375	-39.9375	37.0	7.3125
11:15:04.649031	5.5	9.6875	-7.6875	4.6875	34.6875	-95.125	52.4375	51.5	6.875	-18.4375	24.8125	9.5625
11:15:04.659104	6.3125	6.375	-6.5	-1.5	29.1875	-96.875	49.6875	7.3125	7.9375	-21.125	3.0	6.1875
11:15:04.669557	6.0	8.6875	-6.0	2.375	3.875	-99.5	49.6875	7.3125	7.9375	-21.125	3.0	6.1875
11:15:04.679622	5.3125	11.875	-7.0625	14.5625	-26.3125	-101.125	41.875	-57.4375	5.625	-21.125	3.0	6.1875
11:15:04.689691	5.0	14.4375	-8.875	28.4375	-51.6875	-101.0625	39.25	-48.0625	4.6875	-21.125	3.0	6.1875
11:15:04.700114	4.4375	14.625	-10.1875	33.8125	-65.125	-100.1875	39.25	-48.0625	4.6875	-11.3125	-30.0625	18.0
11:15:04.710236	3.625	13.3125	-11.0625	19.3125	-41.1875	-96.125	39.125	19.5625	3.4375	-11.3125	-30.0625	18.0
11:15:04.720405	3.25	11.6875	-11.6875	10.125	-17.0625	-94.5625	40.875	29.5	2.4375	-11.3125	-30.0625	18.0
11:15:04.731007	2.625	10.25	-12.3125	5.3125	5.1875	-93.25	42.9375	16.0625	1.6875	-11.3125	-30.0625	18.0
11:15:04.741084	2.125	8.6875	-11.875	4.8125	17.1875	-93.125	43.625	1.625	2.125	-11.3125	-30.0625	18.0
11:15:04.751187	2.0	7.125	-11.25	3.625	22.875	-94.6875	43.125	-6.1875	2.6875	-11.3125	-30.0625	18.0
11:15:04.761264	1.9375	4.9375	-10.6875	1.625	29.0625	-95.0625	42.625	-4.75	2.125	-11.3125	-30.0625	18.0
11:15:04.771365	2.0	4.875	-10.125	0.4375	34.0625	-94.3125	42.4375	3.9375	1.5	-11.3125	-30.0625	18.0
11:15:04.781436	1.9375	5.4375	-8.875	-0.625	43.1875	-93.4375	42.4375	11.25	1.0	-11.3125	-30.0625	18.0
11:15:04.791527	1.5	6.875	-6.75	-3.6875	57.1875	-92.8125	43.375	14.5625	0.875	-11.3125	-30.0625	18.0
11:15:04.801637	1.0	8.3125	-5.1875	-4.375	64.5	-91.5	45.1875	10.375	1.375	-17.5	-19.25	18.75
11:15:04.811707	0.0	10.3125	-3.625	-4.6875	61.8125	-90.25	46.875	0.0	1.625	-17.5	-19.25	18.75
11:15:04.821790	-1.5	12.3125	-1.9375	-2.8125	49.25	-88.0625	48.5	-5.375	2.375	-17.5	-19.25	18.75
11:15:04.831858	-3.375	12.75	0.8125	-1.0	36.6875	-85.375	49.5625	-4.9375	3.375	-17.5	-19.25	18.75
11:15:04.841928	-5.25	12.5625	4.125	1.625	21.3125	-82.75	50.125	-2.4375	5.5	-17.5	-19.25	18.75
11:15:04.851996	-7.25	11.375	7.8125	5.3125	10.25	-80.875	49.9375	-4.3125	8.9375	-17.5	-19.25	18.75
11:15:04.862083	-9.0	10.0	10.5	10.5625	2.25	-79.375	50.8125	-15.5	10.9375	-14.0	-10.8125	16.75
11:15:04.872164	-10.375	9.4375	12.1875	14.6875	-1.5	-77.625	53.6875	-33.875	10.375	-14.0	-10.8125	16.75
11:15:04.882234	-10.625	10.25	13.0	14.3125	-4.5	-75.875	54.3125	-43.0	8.4375	-14.0	-10.8125	16.75
11:15:04.892309	-10.3125	11.6875	12.625	10.8125	-7.125	-72.8125	58.625	-44.75	6.1875	-14.0	-10.8125	16.75
11:15:04.902834	-10.3125	11.6875	12.625	10.8125	-7.125	-72.8125	63.6875	-37.1875	2.75	-25.6875	-37.4375	-13.8125
11:15:04.912936	-7.0625	13.25	10.5625	7.25	-10.625	-69.625	69.1875	-23.4375	0.1875	-25.6875	-37.4375	-13.8125
11:15:04.923277	-5.625	11.375	9.5	4.4375	-14.3125	-64.9375	77.25	-10.3125	-1.25	-53.3125	-12.125	10.1875
11:15:04.933371	-4.5	8.375	9.0625	-3.3125	-14.375	-53.375	85.3125	-0.625	-1.25	-53.3125	-12.125	10.1875
11:15:04.943474	-4.0	4.8125	9.5625	-3.3125	-14.375	-53.375	94.0	-0.625	-0.8125	-53.3125	-12.125	10.1875
11:15:04.953587	-3.4375	2.4375	10.0625	-7.625	-11.1875	-46.25	102.0625	-4.0625	0.3125	-53.3125	-12.125	10.1875
11:15:04.963708	-3.5	1.0625	10.5	-10.125	-10.8125	-37.75	110.1875	-10.5625	1.6875	-53.3125	-12.125	10.1875
11:15:04.974411	-3.75	-0.4375	10.625	-12.6875	-11.5625	-29.3125	118.75	-18.1875	3.625	-53.3125	-12.125	10.1875
11:15:04.985002	-5.0625	-3.875	11.8125	-17.6875	-13.125	-20.1875	128.4375	-26.5625	6.1875	-53.3125	-12.125	10.1875
11:15:04.995216	-6.1875	-7.875	13.5625	-24.75	-15.25	-9.75	138.875	-39.375	8.9375	-82.125	16.125	11.25
11:15:05.005374	-6.0625	-12.125	14.25	-30.0625	-20.0	1.9375	149.5625	-55.5	11.0	-82.125	16.125	11.25
11:15:05.015526	9.0625	-23.8125	16.75	-28.8125	-24.1875	14.375	161.625	-73.75	10.5625	-82.125	16.125	11.25
11:15:05.026030	9.0625	-23.8125	16.75	-25.125	-30.1875	29.125	171.3125	-59.8125	11.1875	-99.3125	5.9375	11.8125
11:15:05.036168	9.0625	-23.8125	16.75	-36.375	-37.8125	46.0625	171.3125	-59.8125	11.1875	-187.625	70.1875	7.875
11:15:05.046274	15.1875	-39.6875	19.4375	-61.0625	-46.875	65.25	184.9375	-64.9375	29.75	-187.625	70.1875	7.875
11:15:05.056367	7.5625	-1.375	3.0	-86.125	-60.0625	87.0625	189.75	-86.1875	40.375	-187.625	70.1875	7.875
11:15:05.066921	3.1875	17.9375	-5.25	-101.75	-64.375	109.9375	191.375	-148.125	45.0	-187.625	70.1875	7.875
11:15:05.076998	2.25	20.4375	-8.125	-101.125	-60.8125	133.375	183.8125	-214.0625	40.0625	-187.625	70.1875	7.875
11:15:05.087064	4.0625	5.625	-5.3125	-93.5625	-53.125	148.5625	171.75	-262.125	31.625	-187.625	70.1875	7.875
11:15:05.097476	5.5	-16.5625	-1.5625	-83.125	-44.4375	156.8125	163.8125	-242.9375	19.875	-187.625	70.1875	7.875
11:15:05.107549	6.625	-37.25	1.125	-70.625	-40.3125	163.0	145.125	-74.25	3.6875	-187.625	70.1875	7.875
11:15:05.117679	7.6875	-47.125	1.0625	-48.875	-48.3125	168.5625	127.4375	-27.3125	-3.25	-187.625	70.1875	7.875
11:15:05.127798	8.25	-47.75	0.3125	-27.5625	-55.4375	172.3125	102.4375	27.5	-7.1875	-187.625	70.1875	7.875
11:15:05.137866	7.25	-45.25	-0.9375	-7.625	-53.1875	173.5	88.4375	66.75	0.125	-187.625	70.1875	7.875
11:15:05.147954	5.3125	-41.75	-3.75	-0.25	-39.0625	176.375	81.3125	51.75	11.375	-187.625	70.1875	7.875
11:15:05.158044	2.5	-37.4375	-4.1875	-4.0625	-22.5625	180.5	55.5625	-18.1875	17.8125	-187.625	70.1875	7.875
11:15:05.168544	-1.4375	-33.0	-2.0	-20.4375	-10.6875	181.4375	12.5	-70.25	22.4375	-187.625	70.1875	7.875
11:15:05.179117	-5.0	-27.0625	0.125	-43.625	-2.75	177.375	-30.125	-73.0	24.75	-187.625	70.1875	7.875
11:15:05.189259	-7.875	-20.0	2.9375	-44.125	-13.375	160.5625	-62.375	-56.5	27.5625	-187.625	70.1875	7.875
11:15:05.199334	-9.5625	-12.875	4.9375	-32.375	-21.4375	151.4375	-92.1875	-28.4375	29.6875	-187.625	70.1875	7.875
11:15:05.209403	-10.0	-8.25	5.8125	-19.4375	-21.125	142.9375	-119.125	10.25	31.9375	-187.625	70.1875	7.875
11:15:05.219478	-9.5	-7.75	5.0	-10.5625	-15.4375	134.625	-143.125	39.9375	33.3125	-187.625	70.1875	7.875
11:15:05.229565	-8.6875	-10.0	3.1875	-4.3125	-9.3125	127.8125	-169.25	68.5625	31.0	-187.625	70.1875	7.875
11:15:05.239637	-7.9375	-13.8125	1.3125	7.25	4.3125	113.6875	-193.375	74.5625	27.4375	-187.625	70.1875	7.875
11:15:05.249713	-7.4375	-17.375	-0.375	9.3125	5.125	107.1875	-214.25	72.6875	24.375	-187.625	70.1875	7.875
11:15:05.259843	-7.0	-19.75	-1.75	15.5	4.125	102.1875	-233.9375	75.0	22.875	-187.625	70.1875	7.875
11:15:05.270043	-7.0625	-21.25	-2.375	18.0	5.125	94.625	-253.4375	81.875	21.625	-187.625	70.1875	7.875
11:15:05.280619	-7.0	-21.125	-2.125	22.875	19.0625	84.0	-272.125	90.75	18.4375	-187.625	70.1875	7.875
11:15:05.290723	-6.875	-19.3125	-1.8125	26.0625	33.25	72.3125	-290.375	88.6875	14.1875	-187.625	70.1875	7.875
11:15:05.300956	-6.875	-19.3125	-1.8125	26.0625	33.25	72.3125	-290.375	88.6875	14.1875	274.0625	214.875	-70.5
11:15:05.311080	-6.875	-19.3125	-1.8125	33.375	47.1875	57.9375	-308.0625	72.8125	8.75	339.3125	70.75	-79.8125
11:15:05.321706	-6.125	-15.125	-2.8125	40.875	61.875	39.5625	-324.625	46.5	5.25	339.3125	70.75	-79.8125
11:15:05.332152	-5.1875	-11.3125	-2.6875	50.375	70.875	20.4375	-354.1875	-4.375	-1.9375	339.3125	70.75	-79.8125
11:15:05.342216	-4.8125	-9.25	-2.25	45.9375	55.1875	-4.25	-365.5	-18.125	-4.6875	339.3125	70.75	-79.8125
11:15:05.352286	-4.0	-7.5	-1.375	44.0	38.875	-13.0625	-369.9375	-18.5	-4.0625	339.3125	70.75	-79.8125
11:15:05.362354	-2.8125	-6.125	0.125	41.125	20.6875	-16.6875	-373.8125	-19.625	-4.5625	339.3125	70.75	-79.8125
11:15:05.372427	-1.5	-5.25	1.3125	39.625	3.875	-16.375	-373.375	-18.3125	-7.3125	339.3125	70.75	-79.8125
11:15:05.382509	-0.3125	-4.4375	2.5625	38.9375	-10.4375	-13.875	-362.5	-21.375	-9.6875	339.3125	70.75	-79.8125
11:15:05.392595	1.5	-3.5625	4.4375	30.4375	-18.5	-9.4375	-343.25	-31.4375	-10.5625	339.3125	70.75	-79.8125
11:15:05.402672	2.5625	-2.5	5.5	21.625	-12.0625	-2.6875	-319.125	-35.3125	-12.0625	358.0	39.125	-106.8125
11:15:05.412738	3.25	-1.125	6.5625	16.125	6.1875	3.9375	-290.125	-32.3125	-12.3125	358.0	39.125	-106.8125
11:15:05.422847	4.25	0.875	8.3125	18.4375	34.4375	9.5	-256.6875	-23.375	-10.1875	358.0	39.125	-106.8125
11:15:05.432933	5.4375	1.1875	11.25	31.75	64.3125	11.375	-221.8125	-8.125	-6.875	358.0	39.125	-106.8125
11:15:05.443002	6.5625	-1.0625	13.125	52.0625	87.375	10.25	-185.8125	11.8125	-3.125	358.0	39.125	-106.8125
11:15:05.453071	7.6875	-4.6875	13.4375	66.8125	104.625	8.75	-148.5625	32.125	0.625	358.0	39.125	-106.8125
11:15:05.463184	8.25	-7.75	12.9375	56.625	97.9375	10.0	-108.625	37.75	5.5	358.0	39.125	-106.8125
11:15:05.473304	8.3125	-8.75	12.25	30.625	70.6875	13.0625	-66.5625	32.625	11.8125	358.0	39.125	-106.8125
11:15:05.483469	7.5	-8.0625	12.25	7.4375	38.5	10.9375	-24.875	28.125	16.5625	358.0	39.125	-106.8125
11:15:05.493959	6.625	-7.5	12.6875	-4.0	7.5	4.125	15.125	31.9375	19.375	262.8125	-15.0625	-129.5625
11:15:05.504227	6.625	-7.5	12.6875	-4.0	7.5	4.125	51.25	44.25	20.75	99.25	48.125	-41.0625
11:15:05.514356	5.5	-7.4375	11.4375	3.125	-26.25	-6.5	83.0625	56.1875	22.3125	99.25	48.125	-41.0625
11:15:05.524477	5.0	-7.9375	9.8125	10.6875	-25.9375	-9.0625	108.875	65.4375	23.25	99.25	48.125	-41.0625
11:15:05.535033	4.5625	-8.5	8.6875	17.8125	-19.6875	-10.375	127.6875	74.3125	23.6875	99.25	48.125	-41.0625
11:15:05.545152	4.25	-8.1875	9.3125	26.5	-22.0	-13.5625	138.3125	79.25	23.5625	99.25	48.125	-41.0625
11:15:05.555301	3.9375	-5.625	11.0625	36.4375	-36.625	-18.8125	133.625	61.1875	20.8125	99.25	48.125	-41.0625
11:15:05.565411	3.3125	-1.9375	11.8125	41.8125	-58.375	-23.0	90.0625	10.75	8.75	99.25	48.125	-41.0625
11:15:05.575548	1.3125	3.1875	12.5625	22.875	-60.8125	-15.8125	77.0625	80.6875	-12.6875	99.25	48.125	-41.0625
11:15:05.586041	-3.4375	11.875	15.1875	2.375	-46.625	4.6875	103.125	162.25	-12.0	99.25	48.125	-41.0625
11:15:05.596818	-8.625	21.0625	18.9375	-2.75	-56.6875	23.6875	136.125	227.875	10.875	-64.625	77.875	15.4375
11:15:05.606895	-13.1875	18.125	19.625	-2.75	-56.6875	23.6875	144.875	190.75	18.5	8.1875	43.1875	268.0625
11:15:05.616995	-13.5	-0.5625	14.1875	-8.75	-35.75	20.625	133.125	60.9375	15.125	-253.75	496.75	-159.8125
11:15:05.627111	-10.625	-29.8125	5.5	-57.6875	29.0	-31.125	127.8125	-34.0	18.8125	-253.75	496.75	-159.8125
11:15:05.637426	-7.8125	-48.6875	-5.3125	-50.3125	-55.625	-50.6875	125.0625	-47.375	25.125	-253.75	496.75	-159.8125
11:15:05.647596	-8.6875	-31.5	-5.75	4.9375	-133.375	-66.625	104.0	13.625	27.25	-253.75	496.75	-159.8125
11:15:05.658160	-9.25	-6.125	-8.1875	43.1875	-140.875	-76.0	91.625	54.625	27.4375	-253.75	496.75	-159.8125
11:15:05.668334	-9.5	20.0	-14.5625	66.8125	-149.6875	-73.9375	84.8125	50.25	21.3125	-253.75	496.75	-159.8125
11:15:05.678461	-10.0625	39.25	-22.9375	70.5	-121.75	-66.875	82.5625	1.8125	15.0625	-253.75	496.75	-159.8125
11:15:05.688569	-10.625	49.1875	-27.375	43.125	-72.0625	-62.6875	79.625	-59.5625	11.5	-253.75	496.75	-159.8125
11:15:05.698697	-10.625	51.375	-27.375	7.4375	-28.25	-65.0625	78.0625	-103.75	9.5	-175.25	-477.5625	-62.75
11:15:05.709112	-10.625	51.375	-27.375	-7.125	-7.375	-71.5625	78.0625	-103.75	9.5	8.5	-274.0	54.3125
11:15:05.719184	-9.6875	49.4375	-23.875	-6.5625	-6.3125	-78.5	74.5625	-96.4375	6.4375	-38.3125	2.3125	22.9375
11:15:05.729297	-3.125	41.1875	-14.25	-10.375	3.6875	-85.1875	59.4375	51.0625	4.4375	-38.3125	2.3125	22.9375
11:15:05.739417	0.75	36.5	-10.9375	-7.125	13.0625	-85.4375	59.0625	96.5	6.0	-38.3125	2.3125	22.9375
11:15:05.749485	4.125	29.5	-7.5625	9.4375	23.5	-86.0	60.5625	100.625	5.375	-38.3125	2.3125	22.9375
11:15:05.759561	5.6875	22.125	-4.9375	3.875	45.625	-88.25	59.3125	85.125	4.25	-38.3125	2.3125	22.9375
11:15:05.769676	5.875	16.4375	-3.75	-6.0625	42.0	-94.4375	55.6875	59.5	4.3125	-38.3125	2.3125	22.9375
11:15:05.779809	5.0625	15.3125	-4.125	5.5625	10.4375	-95.0	52.375	25.125	4.5625	-38.3125	2.3125	22.9375
11:15:05.789895	4.1875	15.8125	-5.375	16.8125	-11.9375	-95.5	50.3125	-6.1875	4.0625	-38.3125	2.3125	22.9375
11:15:05.800359	4.1875	15.8125	-5.375	16.8125	-11.9375	-95.5	50.3125	-6.1875	4.0625	-29.25	2.4375	14.9375
11:15:05.810538	3.25	15.75	-7.4375	23.25	-30.75	-95.8125	45.375	-25.8125	2.625	-18.375	-11.75	17.0625
11:15:05.820607	2.9375	14.3125	-7.6875	20.3125	-29.875	-91.0625	44.25	-17.5625	3.25	-18.375	-11.75	17.0625
11:15:05.830708	3.0	13.4375	-8.125	13.4375	-14.5	-88.375	44.3125	-4.6875	3.0	-18.375	-11.75	17.0625
11:15:05.840794	3.0625	12.125	-8.4375	13.4375	-14.5	-88.375	45.0	12.0625	2.3125	-16.0625	-3.75	13.25
11:15:05.850868	3.0	10.75	-9.0	1.875	16.4375	-86.0625	46.1875	24.625	2.5625	-16.0625	-3.75	13.25
11:15:05.860935	2.75	9.1875	-9.75	0.3125	22.125	-85.9375	46.8125	24.5	3.0	-16.0625	-3.75	13.25
11:15:05.871003	2.9375	8.125	-10.3125	0.6875	25.5	-86.0625	47.125	11.0625	2.8125	-16.0625	-3.75	13.25
11:15:05.881076	3.1875	7.8125	-10.75	3.0625	28.875	-87.0	46.375	-2.375	2.9375	-16.0625	-3.75	13.25
11:15:05.891154	3.5	8.1875	-10.3125	4.3125	28.5	-88.1875	45.6875	-5.5625	2.375	-16.0625	-3.75	13.25
11:15:05.901228	3.625	8.375	-8.9375	3.6875	28.9375	-88.8125	45.75	0.3125	1.25	-25.0625	0.0	12.875
11:15:05.911303	3.25	9.3125	-6.8125	1.5	31.25	-89.0625	45.375	5.25	0.5625	-25.0625	0.0	12.875
11:15:05.921433	2.3125	10.0	-4.125	-1.25	33.625	-89.8125	44.375	8.0625	0.3125	-25.0625	0.0	12.875
11:15:05.931515	0.5	11.75	-1.3125	-3.6875	37.5625	-91.25	44.75	9.0	0.25	-25.0625	0.0	12.875
11:15:05.941919	-1.75	11.9375	0.875	-3.6875	37.5625	-91.25	44.875	8.5	-0.25	-15.8125	-22.0625	20.8125
11:15:05.951991	-3.8125	13.5625	3.0625	-1.375	37.0	-93.25	43.9375	8.75	-0.0625	-15.8125	-22.0625	20.8125
11:15:05.962062	-5.5625	15.3125	5.0625	0.5625	37.125	-94.4375	43.375	5.875	0.1875	-15.8125	-22.0625	20.8125
11:15:05.972130	-7.1875	16.6875	7.4375	2.5625	35.25	-94.9375	42.5625	0.6875	0.4375	-15.8125	-22.0625	20.8125
11:15:05.982231	-7.8125	17.9375	9.5625	5.75	30.4375	-94.4375	42.125	-2.875	1.0	-15.8125	-22.0625	20.8125
11:15:05.992343	-8.375	18.5625	10.75	8.0625	26.75	-92.375	42.75	-4.9375	2.6875	-15.8125	-22.0625	20.8125
11:15:06.002414	-8.1875	19.5625	11.125	11.1875	22.0625	-88.625	43.375	-8.625	5.3125	-15.8125	-22.0625	20.8125
11:15:06.012486	-8.125	20.8125	10.125	14.1875	15.0	-82.75	46.75	-16.875	5.8125	-15.8125	-22.0625	20.8125
11:15:06.022554	-8.25	21.75	7.625	12.125	5.5625	-74.8125	54.8125	-28.375	4.8125	-15.8125	-22.0625	20.8125
11:15:06.032626	-7.8125	22.8125	4.25	12.0	-3.25	-66.4375	61.625	-27.625	3.0625	-15.8125	-22.0625	20.8125
11:15:06.042701	-6.4375	21.375	0.8125	10.0625	-14.75	-56.5	71.75	-22.75	1.5625	-15.8125	-22.0625	20.8125
11:15:06.052802	-4.9375	17.25	-1.0	3.875	-21.5	-47.9375	81.5	-16.4375	0.4375	-15.8125	-22.0625	20.8125
11:15:06.062931	-3.5625	9.1875	-0.5625	-2.75	-24.125	-41.375	91.25	-10.0	-0.6875	-14.0	-15.75	13.8125
11:15:06.073038	-2.0625	2.5625	0.0625	-5.9375	-26.5	-34.8125	100.3125	-3.5625	-0.875	-14.0	-15.75	13.8125
11:15:06.083162	-1.125	-2.4375	1.4375	-10.75	-26.9375	-27.8125	108.875	-0.8125	-0.5	-14.0	-15.75	13.8125
11:15:06.093240	-0.5	-5.0	3.8125	-16.625	-26.5625	-20.75	117.25	-5.0	0.5	-16.1875	-2.5	5.625
11:15:06.103345	-0.5	-5.0	3.8125	-22.375	-26.375	-13.0625	125.9375	-13.875	2.6875	-16.1875	-2.5	5.625
11:15:06.113960	-0.6875	-6.75	9.25	-26.125	-24.5625	-4.0625	135.1875	-24.9375	4.8125	-16.1875	-2.5	5.625
11:15:06.124055	0.8125	-5.0	9.4375	-24.625	-22.3125	6.5	145.125	-37.875	5.375	-16.1875	-2.5	5.625
11:15:06.134127	7.125	-5.0	10.5625	-25.0625	-22.8125	19.9375	154.75	-38.375	3.875	-16.1875	-2.5	5.625
11:15:06.144264	12.75	-16.5	16.0	-38.25	-21.0625	34.5	163.3125	-24.125	8.3125	-16.1875	-2.5	5.625
11:15:06.154560	16.875	-23.0	16.25	-38.25	-21.0625	34.5	171.3125	-30.875	17.125	-16.1875	-2.5	5.625
11:15:06.164637	18.3125	-16.5	11.1875	-82.125	-29.875	69.5625	178.0625	-45.125	26.5625	-16.1875	-2.5	5.625
11:15:06.175274	15.5625	1.4375	4.5625	-94.0	-38.625	91.0	181.25	-74.1875	35.9375	-16.1875	-2.5	5.625
11:15:06.185470	10.625	22.5625	-0.5	-96.75	-43.25	114.6875	181.5	-116.375	41.4375	-16.1875	-2.5	5.625
11:15:06.195630	7.0	34.5	-2.4375	-98.5	-49.9375	134.6875	177.125	-161.625	41.75	-16.1875	-2.5	5.625
11:15:06.205893	7.0	34.5	-2.4375	-99.75	-49.25	146.4375	170.875	-205.5	39.5625	-16.1875	-2.5	5.625
11:15:06.215987	8.8125	-14.625	1.125	-92.5625	-33.6875	149.9375	161.0625	-239.625	36.5625	-16.1875	-2.5	5.625
11:15:06.226058	9.5625	-34.3125	-2.875	-80.0	-31.375	153.4375	149.375	-228.125	27.75	-16.1875	-2.5	5.625
11:15:06.236131	10.0	-43.75	-8.0	-56.9375	-41.375	161.3125	143.875	-156.5625	17.3125	-16.1875	-2.5	5.625
11:15:06.246267	10.0625	-43.6875	-12.0	-35.1875	-49.75	165.1875	135.625	-100.9375	10.1875	-16.1875	-2.5	5.625
11:15:06.256339	10.0625	-43.6875	-12.0	-14.5625	-48.625	164.9375	116.75	-60.4375	3.9375	-16.1875	-2.5	5.625
11:15:06.267013	8.125	-38.25	-17.375	-3.625	-38.1875	165.5	95.125	-14.625	3.1875	-16.1875	-2.5	5.625
11:15:06.277192	5.0625	-36.125	-15.75	-11.0	-27.5625	169.625	68.5625	-1.4375	16.0	-16.1875	-2.5	5.625
11:15:06.287288	5.0625	-36.125	-15.75	-25.5625	-23.6875	171.0625	39.6875	-56.625	19.3125	-16.1875	-2.5	5.625
11:15:06.298120	5.0625	-36.125	-15.75	-39.1875	-21.125	169.0	1.1875	-75.0	21.4375	-246.375	-81.0625	-50.75
11:15:06.308182	5.0625	-36.125	-15.75	-40.375	-27.0625	163.5	-34.375	-58.3125	23.0	-246.375	-81.0625	-50.75
11:15:06.318735	-5.4375	-9.875	0.5	-29.4375	-42.9375	155.3125	-34.375	-58.3125	23.0	-246.375	-81.0625	-50.75
11:15:06.328804	-6.5625	-4.1875	2.8125	-17.625	-48.4375	145.75	-88.9375	4.375	25.1875	-246.375	-81.0625	-50.75
11:15:06.338878	-7.5	-2.375	2.625	-5.0	-47.25	136.4375	-113.875	35.5	27.0625	-246.375	-81.0625	-50.75
11:15:06.348963	-8.0	-4.5	1.0625	5.5625	-37.9375	127.1875	-138.75	67.4375	27.625	-246.375	-81.0625	-50.75
11:15:06.359075	-7.6875	-8.375	-0.5	14.0	-27.0	118.8125	-163.4375	80.0	26.1875	-246.375	-81.0625	-50.75
11:15:06.369178	-7.25	-11.0	-2.4375	18.75	-9.125	111.25	-184.8125	91.4375	24.1875	-246.375	-81.0625	-50.75
11:15:06.379267	-6.5	-12.3125	-4.0625	22.3125	4.75	104.6875	-202.5625	95.75	24.1875	-246.375	-81.0625	-50.75
11:15:06.389333	-5.8125	-12.8125	-6.0	17.0	14.625	98.1875	-221.9375	100.875	24.0	-246.375	-81.0625	-50.75
11:15:06.399415	-5.8125	-12.8125	-6.0	14.875	30.0	90.8125	-241.4375	108.0625	21.875	53.75	-256.5	-50.6875
11:15:06.410029	-5.875	-10.75	-6.8125	19.3125	40.8125	83.4375	-260.5	112.125	17.75	53.75	-256.5	-50.6875
11:15:06.420118	-6.375	-8.25	-7.0625	27.5	68.1875	64.6875	-279.5	102.0625	11.9375	53.75	-256.5	-50.6875
11:15:06.430669	-6.375	-5.9375	-7.0625	31.9375	81.375	50.8125	-298.6875	77.375	5.6875	53.75	-256.5	-50.6875
11:15:06.440859	-6.25	-4.0625	-6.6875	35.6875	86.75	35.6875	-314.625	46.5625	3.25	53.75	-256.5	-50.6875
11:15:06.451471	-5.75	-2.8125	-6.125	43.0	87.5625	18.1875	-328.0625	21.375	1.1875	53.75	-256.5	-50.6875
11:15:06.461539	-5.1875	-2.0	-5.5	50.5625	81.9375	2.25	-342.1875	1.125	0.75	53.75	-256.5	-50.6875
11:15:06.471620	-4.4375	-2.3125	-5.5	53.25	73.375	-10.9375	-354.375	-5.625	1.25	53.75	-256.5	-50.6875
11:15:06.481686	-4.125	-3.1875	-5.0	48.0	58.9375	-19.25	-363.0	-1.3125	1.0	53.75	-256.5	-50.6875
11:15:06.491763	-3.1875	-4.375	-4.375	40.6875	40.25	-24.125	-367.4375	3.625	-0.875	53.75	-256.5	-50.6875
11:15:06.501875	-3.1875	-4.375	-4.375	37.3125	22.875	-25.625	-367.625	1.75	-3.5625	221.0625	81.5625	-63.25
11:15:06.511945	-3.1875	-4.375	-4.375	40.0625	-2.1875	-22.25	-361.9375	-8.9375	-5.875	221.0625	81.5625	-63.25
11:15:06.522034	0.125	-8.4375	-1.9375	44.4375	-22.6875	-17.875	-349.5	-22.0	-8.25	221.0625	81.5625	-63.25
11:15:06.532104	1.5625	-8.875	0.0625	46.6875	-37.0625	-11.6875	-331.75	-33.5	-11.625	221.0625	81.5625	-63.25
11:15:06.542196	3.0	-8.625	2.625	48.75	-42.75	-3.25	-310.875	-45.625	-14.6875	221.0625	81.5625	-63.25
11:15:06.552623	3.0	-8.625	2.625	48.75	-42.75	-3.25	-285.6875	-56.625	-13.5625	322.4375	28.5	-124.0625
11:15:06.562745	3.0	-8.625	2.625	48.75	-42.75	-3.25	-285.6875	-56.625	-13.5625	224.5625	35.9375	-102.5
11:15:06.573315	8.375	-5.0625	7.25	53.9375	-14.75	5.9375	-256.75	-50.9375	-8.375	224.5625	35.9375	-102.5
11:15:06.583404	9.5625	-5.0	7.8125	58.625	40.25	8.625	-191.625	3.4375	9.625	224.5625	35.9375	-102.5
11:15:06.593618	10.6875	-6.5625	8.0625	66.8125	63.125	7.875	-150.75	6.75	17.1875	175.75	71.875	-80.0625
11:15:06.604283	10.6875	-6.5625	8.0625	57.25	72.75	8.4375	-106.5625	-3.6875	21.0625	147.875	12.0	-83.4375
11:15:06.614711	9.4375	-10.625	7.125	36.0625	51.75	12.875	-59.1875	-10.6875	22.1875	147.875	12.0	-83.4375
11:15:06.625244	7.3125	-10.1875	6.125	13.875	23.875	16.375	-11.3125	-4.5	22.75	147.875	12.0	-83.4375
11:15:06.635391	7.3125	-9.1875	6.625	-1.875	-4.8125	14.125	32.75	13.4375	23.75	147.875	12.0	-83.4375
11:15:06.645486	7.5625	-8.25	7.0	-6.0625	-21.5625	10.1875	72.8125	36.5625	25.75	147.875	12.0	-83.4375
11:15:06.656102	7.875	-7.0625	6.625	-0.5	-22.8125	6.4375	106.75	59.875	26.6875	147.875	12.0	-83.4375
11:15:06.666194	7.3125	-6.1875	6.625	7.25	-17.5	1.75	133.5625	83.0	27.3125	147.875	12.0	-83.4375
11:15:06.676311	7.1875	-3.0625	7.9375	15.0	-14.375	-3.0625	152.0	104.5	27.0	147.875	12.0	-83.4375
11:15:06.686429	7.25	1.75	9.75	24.0625	-19.1875	-9.75	163.4375	118.1875	25.5625	147.875	12.0	-83.4375
11:15:06.696505	7.25	1.75	9.75	29.4375	-29.8125	-18.25	164.6875	110.625	23.125	5.0625	-42.5625	-5.4375
11:15:06.707029	7.1875	17.0	12.75	31.875	-37.0	-28.5	128.125	52.625	16.375	5.0625	-42.5625	-5.4375
11:15:06.717161	4.4375	23.4375	14.75	40.1875	-21.625	-39.6875	38.6875	111.375	-27.4375	5.0625	-42.5625	-5.4375
11:15:06.727305	-0.6875	32.5625	18.0625	39.75	18.25	-42.8125	67.4375	182.3125	-13.125	-75.5	118.625	-7.75
11:15:06.737383	-0.6875	32.5625	18.0625	-8.4375	25.0	-35.125	67.4375	182.3125	-13.125	-75.5	118.625	-7.75
11:15:06.747908	-0.6875	32.5625	18.0625	-65.75	5.75	-13.75	120.875	241.0	20.3125	-84.4375	80.9375	-0.25
11:15:06.757989	-0.6875	32.5625	18.0625	-46.25	39.5625	4.1875	127.0625	178.875	22.4375	-84.4375	80.9375	-0.25
11:15:06.768055	-0.6875	32.5625	18.0625	-9.8125	81.6875	-9.875	116.1875	40.125	13.5	-100.6875	61.5625	18.3125
11:15:06.778129	-0.6875	32.5625	18.0625	-19.3125	37.625	-30.125	119.125	-20.0625	18.1875	-100.6875	61.5625	18.3125
11:15:06.788205	-0.6875	32.5625	18.0625	-20.75	-69.25	-45.375	116.875	-15.125	17.3125	-100.6875	61.5625	18.3125
11:15:06.798299	-8.5	-17.1875	1.0	9.375	-123.1875	-62.0625	116.875	-15.125	17.3125	-154.6875	301.5	247.0
11:15:06.808425	-11.0	-5.6875	-9.4375	31.125	-123.8125	-75.625	110.625	15.3125	17.6875	-154.6875	301.5	247.0
11:15:06.818541	-11.1875	10.625	-15.375	52.5625	-149.1875	-75.9375	95.0	31.3125	21.4375	-87.875	806.25	-296.0625
11:15:06.828644	-11.1875	10.625	-15.375	61.6875	-136.875	-71.5	81.9375	35.4375	25.875	-11.5	-342.3125	17.0
11:15:06.838831	-12.1875	25.0625	-21.4375	50.8125	-100.6875	-67.5	75.9375	13.125	21.5625	-11.5	-342.3125	17.0
11:15:06.848984	-14.75	36.4375	-23.25	18.875	-63.5	-68.5	67.0625	-76.9375	12.75	-11.5	-342.3125	17.0
11:15:06.859079	-14.5	34.8125	-19.5	0.0	-33.9375	-74.1875	64.8125	-102.0	11.9375	-11.5	-342.3125	17.0
11:15:06.869187	-14.5	34.8125	-19.5	-2.4375	-23.375	-79.875	62.125	-86.875	8.8125	-11.5	-342.3125	17.0
11:15:06.879315	-9.1875	29.3125	-12.9375	-3.6875	-8.0625	-84.4375	56.75	-35.3125	5.125	-17.3125	130.1875	24.6875
11:15:06.889437	-4.5625	23.5625	-10.0625	-7.5	9.4375	-84.625	50.375	22.1875	5.0625	-3.3125	-77.125	8.9375
11:15:06.899562	-4.5625	23.5625	-10.0625	1.75	23.8125	-83.625	48.1875	55.0625	6.625	5.1875	39.0625	8.1875
11:15:06.909753	-0.875	17.25	-8.5625	2.375	41.1875	-88.6875	48.0625	54.4375	6.8125	19.8125	-35.9375	2.5625
11:15:06.919857	1.375	11.1875	-8.25	5.25	22.0625	-90.5	47.3125	40.0625	5.625	-33.75	58.3125	5.5625
11:15:06.929955	1.375	11.1875	-8.25	8.3125	-8.375	-91.875	44.875	19.3125	4.3125	-33.75	58.3125	5.5625
11:15:06.940292	2.5625	1.9375	-7.75	8.3125	-8.375	-91.875	42.4375	-3.5	4.3125	-33.75	58.3125	5.5625
11:15:06.950824	2.625	0.75	-7.75	20.375	-65.375	-91.375	41.125	-30.0	6.1875	-18.5625	-11.125	8.1875
11:15:06.960937	2.4375	0.25	-8.1875	24.5625	-68.5	-89.375	40.5	-54.125	6.5	0.4375	-5.375	13.625
11:15:06.971005	1.875	-0.6875	-8.625	23.6875	-61.1875	-86.9375	39.6875	-61.75	4.6875	-3.8125	-20.375	19.5
11:15:06.981073	1.75	-1.125	-9.3125	18.9375	-43.0	-83.0	39.0	-45.0	3.1875	2.875	-38.5625	20.3125
11:15:06.991147	1.5625	-1.4375	-10.625	12.125	-25.3125	-79.3125	40.0	-19.3125	1.875	-12.4375	-24.3125	11.1875
11:15:07.001223	1.5625	-1.1875	-11.8125	4.0	-4.3125	-76.8125	41.8125	8.75	1.25	-25.125	15.0	11.375
11:15:07.011306	1.5625	-0.5625	-12.75	-0.75	5.3125	-75.4375	43.5625	7.0625	1.1875	-19.25	7.1875	11.5625
11:15:07.021404	1.625	0.25	-13.375	-2.25	15.75	-75.1875	44.625	-9.75	1.3125	-18.875	-15.875	13.9375
11:15:07.031473	1.3125	0.5625	-13.0	0.0	17.125	-74.125	44.625	-22.9375	1.4375	-26.625	-18.5	19.4375
11:15:07.042022	1.4375	0.3125	-12.125	1.9375	15.6875	-72.0	44.8125	-20.75	1.625	-26.0	-20.75	18.75
11:15:07.052427	1.375	-0.625	-10.375	2.875	16.3125	-70.125	45.25	-10.5625	1.0	-16.8125	-8.8125	20.4375
11:15:07.062523	1.3125	-1.375	-8.3125	2.0	23.4375	-68.9375	46.0	1.25	0.375	-16.8125	-8.8125	20.4375
11:15:07.072590	1.5	-1.9375	-6.25	-0.6875	28.8125	-69.5	48.1875	9.9375	0.1875	-22.1875	-24.625	24.0625
11:15:07.082711	1.125	-0.5	-4.625	-1.875	28.125	-69.25	51.125	13.6875	0.5625	-22.1875	-24.625	24.0625
11:15:07.092812	0.5	1.3125	-2.625	-2.8125	23.1875	-69.1875	54.0625	16.0	0.375	-26.8125	-14.4375	22.0
11:15:07.102934	-0.4375	2.125	-0.5	-1.5625	16.0	-68.75	56.25	21.8125	0.75	-23.9375	-13.625	20.3125
11:15:07.113010	-1.5625	3.5	1.25	-0.9375	13.25	-68.4375	57.4375	25.9375	1.1875	-20.375	-9.375	18.75
11:15:07.123276	-4.1875	6.5625	4.8125	-0.6875	14.5625	-67.4375	57.9375	25.875	1.9375	-20.375	-9.375	18.75
11:15:07.133651	-6.0625	7.5625	7.0625	-1.25	19.0625	-66.625	58.4375	23.375	2.875	-23.5	-22.875	22.8125
11:15:07.143748	-7.5	8.0	9.125	-1.8125	25.8125	-65.4375	59.125	18.0625	4.25	-26.0	-11.75	7.4375
11:15:07.153871	-8.3125	8.375	9.9375	-2.125	30.875	-64.375	60.5625	9.4375	5.0	-30.3125	12.3125	-18.0625
11:15:07.163948	-8.5625	9.375	9.8125	-2.3125	33.9375	-63.4375	61.6875	3.4375	6.125	-27.5625	-45.0	-23.4375
11:15:07.174061	-8.4375	10.875	8.3125	0.1875	31.8125	-60.75	62.375	-1.125	8.875	-33.0	-60.75	-5.0
11:15:07.184642	-8.0625	12.125	6.0	3.5625	23.3125	-56.375	65.5	-9.4375	9.3125	-43.375	-14.5625	-3.75
11:15:07.195277	-6.8125	13.375	3.9375	4.0625	13.5625	-51.0	70.125	-20.75	7.5	-44.625	-14.8125	-0.3125
11:15:07.205593	-5.125	13.375	2.5625	2.375	1.6875	-45.6875	74.8125	-23.0	5.3125	-58.0	-20.1875	12.125
11:15:07.216064	-2.0	9.75	3.6875	-0.8125	-7.125	-40.4375	81.25	-20.75	3.375	-68.25	-5.4375	20.125
11:15:07.226153	-1.3125	7.125	5.5	-4.3125	-15.4375	-34.8125	88.3125	-17.5	1.25	-81.0	6.0	16.8125
11:15:07.236502	-1.3125	7.125	5.5	-7.8125	-21.25	-28.9375	95.125	-12.625	0.25	-89.9375	0.5625	16.125
11:15:07.246646	-1.125	4.25	8.1875	-10.625	-27.4375	-22.5	102.25	-10.0625	0.8125	-99.75	-2.6875	16.3125
11:15:07.257469	-3.0	-1.9375	11.25	-15.5625	-30.0625	-15.0625	109.8125	-9.5	1.4375	-111.25	-5.4375	15.75
11:15:07.267610	-3.875	-5.0	11.5625	-20.75	-29.8125	-6.875	126.0625	-18.0	5.5625	-119.8125	-18.4375	14.125
11:15:07.277818	-0.625	-6.5	9.875	-21.625	-26.875	2.5	135.375	-26.6875	7.1875	-126.3125	-39.875	16.75
11:15:07.288302	7.0625	-13.125	11.0625	-17.875	-24.1875	13.625	146.0	-38.9375	5.4375	-145.25	-4.8125	24.5625
11:15:07.298426	12.6875	-26.4375	15.5625	-22.0625	-27.4375	26.9375	155.1875	-26.5	5.4375	-181.4375	73.0625	9.6875
11:15:07.308638	17.5	-30.1875	15.5625	-38.75	-26.5625	41.0625	162.8125	-26.3125	12.125	-180.125	0.875	-15.0
11:15:07.318813	18.625	-22.25	11.25	-61.0	-26.75	56.875	171.0625	-45.5	20.125	-193.1875	-71.5	-20.875
11:15:07.329277	15.75	-2.875	5.125	-84.375	-36.9375	75.375	177.4375	-64.5	28.875	-214.5625	-38.6875	-31.125
11:15:07.339825	11.375	20.0625	-0.875	-98.4375	-47.75	97.75	181.25	-104.125	36.8125	-218.6875	-42.5	-45.625
11:15:07.349896	8.8125	31.5625	-3.25	-98.75	-65.75	135.8125	182.0	-156.0	39.75	-234.25	-134.25	-56.3125
11:15:07.360001	8.5625	24.125	-1.625	-90.5	-62.5625	146.3125	178.8125	-206.3125	36.9375	-253.5	-201.0625	-64.1875
11:15:07.370180	9.3125	5.8125	-0.375	-82.5	-45.375	152.125	173.6875	-238.5	31.125	-283.1875	-202.125	-67.9375
11:15:07.380871	9.5	-17.125	-0.0625	-69.875	-36.25	154.8125	162.875	-232.625	24.125	-286.0	-279.5625	-64.4375
11:15:07.390946	9.25	-37.0625	-1.6875	-55.5625	-34.5625	156.0625	147.3125	-175.875	12.25	-274.5625	-425.75	-32.625
11:15:07.401049	9.1875	-47.8125	-4.1875	-40.5625	-40.375	156.75	135.375	-92.1875	3.8125	-262.625	-425.1875	35.125
11:15:07.411134	9.125	-49.3125	-6.5625	-22.5625	-41.0625	157.75	116.9375	-46.375	-2.0	-246.9375	-160.5	119.1875
11:15:07.421202	8.6875	-45.9375	-8.6875	-10.9375	-33.25	159.75	102.375	-17.4375	-6.625	-265.6875	95.1875	106.625
11:15:07.431305	7.3125	-40.8125	-9.5625	-14.8125	-27.4375	163.625	91.5	5.3125	-4.0	-259.0625	223.1875	19.375
11:15:07.441419	5.0625	-35.375	-7.5	-30.25	-23.625	163.0	83.75	16.5	3.5625	-152.6875	107.5625	-87.5625
11:15:07.451490	2.4375	-29.4375	-3.5	-44.375	-14.0	158.625	72.9375	-2.5	7.1875	-4.5	-37.625	-94.125
11:15:07.461566	0.125	-22.0625	0.375	-46.75	-13.0625	152.75	41.8125	-52.4375	8.8125	92.75	-64.5625	-14.1875
11:15:07.471630	-1.5625	-12.0625	4.1875	-37.0	-19.9375	146.4375	2.4375	-84.0	13.375	159.25	-157.5625	44.625
11:15:07.481704	-2.5	-1.625	7.0625	-24.6875	-24.5	139.3125	-32.0625	-65.875	17.25	168.5625	-153.9375	48.375
11:15:07.491847	-3.125	4.8125	8.3125	-12.875	-22.125	132.3125	-59.4375	-29.9375	19.0625	262.5	-5.4375	31.625
11:15:07.501914	-3.0625	5.625	7.75	-3.0625	-18.0625	124.875	-85.6875	0.6875	20.75	262.5	-5.4375	31.625
11:15:07.512036	-2.75	2.0625	6.125	2.875	-9.25	117.75	-108.3125	28.3125	20.5625	258.625	-23.3125	-26.1875
11:15:07.522097	-2.125	-3.1875	4.1875	9.375	0.0	110.6875	-130.625	66.25	18.625	208.75	96.75	-75.75
11:15:07.532253	-1.375	-6.375	2.625	16.3125	10.375	104.25	-152.4375	83.0625	13.9375	230.6875	205.625	-25.4375
11:15:07.542405	-0.9375	-8.0	0.8125	21.0625	15.9375	98.5	-174.1875	89.875	8.9375	223.9375	85.5	-37.125
11:15:07.552551	-0.8125	-8.4375	-0.75	17.125	26.25	89.4375	-193.1875	90.1875	4.8125	206.9375	98.6875	-39.8125
11:15:07.563350	-1.1875	-7.6875	-2.4375	20.6875	39.625	80.5	-211.8125	98.5	3.3125	255.5	204.25	-47.3125
11:15:07.573462	-1.5625	-5.875	-3.9375	26.375	52.625	70.875	-229.875	110.25	1.25	293.25	198.5625	-46.3125
11:15:07.583534	-1.875	-3.875	-4.75	33.125	71.875	57.75	-247.5625	124.5625	-1.6875	314.1875	103.0625	-58.4375
11:15:07.593625	-2.3125	-2.1875	-5.4375	37.25	90.4375	41.6875	-264.3125	129.1875	-5.9375	318.3125	80.5	-57.5625
11:15:07.603761	-2.4375	-0.3125	-6.125	39.0625	103.875	25.0	-282.0	117.75	-11.75	318.3125	87.25	-59.0625
11:15:07.613919	-2.6875	1.0625	-6.125	43.8125	106.375	9.5	-298.625	91.1875	-15.625	329.3125	74.0	-64.5
11:15:07.624470	-2.625	1.875	-5.875	45.3125	97.75	-3.4375	-310.3125	61.0625	-16.6875	339.4375	66.5	-70.125
11:15:07.634545	-2.125	2.6875	-5.0625	43.5	78.875	-13.3125	-321.25	32.3125	-17.875	334.25	60.125	-74.9375
11:15:07.644614	-1.6875	3.875	-3.625	44.4375	56.9375	-20.0	-334.5	9.6875	-18.0	323.75	49.875	-85.0
11:15:07.655266	-0.875	5.1875	-2.5625	44.3125	40.125	-25.5625	-346.0	-6.875	-18.375	313.5	28.25	-99.1875
11:15:07.665600	0.0625	6.125	-1.75	43.3125	28.625	-29.0625	-351.8125	-23.5	-17.5	298.1875	1.0625	-108.6875
11:15:07.676203	1.5	7.25	-0.375	44.4375	16.25	-29.4375	-356.3125	-40.5	-14.75	285.375	-5.9375	-115.0
11:15:07.686275	3.375	8.125	0.875	44.8125	6.125	-28.5625	-355.375	-47.25	-9.9375	276.625	6.4375	-110.375
11:15:07.696383	7.125	9.25	1.6875	45.375	-0.5625	-24.875	-346.8125	-43.6875	-3.0625	223.25	-22.375	-105.1875
11:15:07.706474	8.875	7.75	2.375	43.125	-3.1875	-18.3125	-331.6875	-38.0625	2.25	181.3125	-75.5	-122.6875
11:15:07.716558	10.4375	8.3125	3.875	34.8125	0.375	-9.0625	-311.25	-29.75	3.4375	221.8125	-43.8125	-121.5625
11:15:07.727202	11.5	8.5	6.375	23.4375	14.0625	-0.4375	-285.125	-25.5625	3.5	224.5625	9.875	-97.25
11:15:07.737301	12.0625	7.0625	9.0	19.5625	38.0625	4.375	-228.25	-31.125	4.3125	144.0625	4.25	-80.4375
11:15:07.747451	12.3125	3.75	10.5	32.3125	60.9375	6.625	-196.9375	-21.75	6.25	124.6875	25.875	-69.3125
11:15:07.758115	12.375	0.9375	10.5	61.0625	59.25	5.6875	-160.0	-10.25	7.0625	96.25	40.9375	-56.0
11:15:07.768672	12.5625	-0.8125	10.1875	78.5	46.375	2.875	-120.875	11.4375	9.3125	50.8125	17.8125	-47.5625
11:15:07.778744	12.5625	-2.0625	10.0625	65.5	14.875	5.0625	-78.625	28.4375	14.9375	39.875	-15.3125	-35.0
11:15:07.789100	12.125	-3.3125	10.5	36.0	-6.8125	6.4375	-34.5	27.625	20.5	13.3125	-37.375	-11.4375
11:15:07.799168	11.5	-3.9375	10.9375	9.5	-17.6875	4.375	8.5625	21.4375	23.375	-30.625	-16.875	14.0625
11:15:07.809237	11.5625	-3.75	11.5625	-2.375	-22.6875	3.0625	48.125	21.75	23.1875	-70.4375	52.1875	20.6875
11:15:07.819547	11.625	-3.125	11.1875	0.125	-25.0625	1.625	82.9375	29.75	22.75	-97.0	107.5625	22.4375
11:15:07.829618	11.5625	-0.375	10.375	14.625	-14.25	-3.4375	111.125	39.125	22.875	-69.625	112.125	115.9375
11:15:07.839687	11.8125	3.0625	9.0	23.6875	-13.375	-11.625	128.5	39.8125	22.9375	-226.1875	66.3125	282.8125
11:15:07.849844	11.8125	6.625	6.4375	33.5625	-23.8125	-25.5	119.75	7.25	19.625	0.0625	297.9375	332.25
11:15:07.859961	10.0	12.375	4.5	20.1875	-23.0625	-23.875	66.375	-19.875	1.3125	-33.8125	-327.4375	207.0
11:15:07.870069	3.5625	21.25	7.8125	-2.375	-26.5	-3.8125	70.5	97.3125	-18.125	-379.5	-614.125	71.375
11:15:07.880738	-4.1875	30.625	14.6875	-30.3125	-59.375	23.4375	100.5	209.125	-5.0625	-404.375	79.5625	-14.0625
11:15:07.890876	-12.25	30.9375	19.6875	8.125	-73.8125	38.125	135.5625	275.6875	19.9375	-191.4375	506.875	27.25
11:15:07.900950	-16.875	15.9375	19.6875	34.75	-31.4375	25.6875	140.3125	213.0	22.9375	-191.4375	506.875	27.25
11:15:07.911062	-16.0625	-14.0	13.0	-20.375	36.1875	0.6875	128.9375	62.4375	16.4375	-151.75	-265.0625	-88.75
11:15:07.921151	-14.0	-42.6875	3.9375	-51.8125	12.5625	-20.25	125.0625	-34.4375	17.6875	-143.4375	-329.75	-50.625
11:15:07.931224	-13.0	-52.875	-3.5625	-29.625	-68.125	-39.3125	127.9375	-57.625	19.9375	-135.6875	170.75	17.3125
11:15:07.941308	-13.0625	-44.5	-7.4375	16.375	-118.9375	-54.375	119.8125	-30.125	18.6875	-128.25	333.625	35.875
11:15:07.951383	-12.875	-25.9375	-9.25	43.8125	-109.1875	-59.4375	102.0625	19.5625	22.375	-81.3125	-27.6875	37.75
11:15:07.961512	-13.25	-3.25	-12.625	56.75	-82.4375	-57.875	85.375	54.375	27.0625	1.5625	-246.8125	42.3125
11:15:07.971596	-14.375	18.4375	-18.625	43.5625	-60.0	-55.0625	77.5625	54.375	27.25	-0.75	-63.625	48.5625
11:15:07.981659	-16.75	34.6875	-25.5	18.125	-38.375	-55.5	72.375	23.375	23.0	-40.3125	78.0625	25.5
11:15:07.991736	-18.5625	44.0	-28.8125	0.0625	-22.4375	-58.3125	68.875	-38.125	18.6875	-25.25	-52.625	11.0
11:15:08.001813	-19.6875	46.375	-27.8125	-1.8125	-23.9375	-60.6875	66.625	-98.4375	14.25	-24.3125	-42.625	8.5
11:15:08.011968	-20.0	44.6875	-24.375	1.625	-23.75	-62.875	65.3125	-130.0	10.1875	-18.0625	7.5	6.75
11:15:08.022101	-18.0625	39.1875	-19.875	6.625	-23.4375	-65.375	62.8125	-112.375	5.25	-3.0	-8.75	9.8125
11:15:08.032636	-13.6875	30.625	-15.5	2.375	-12.0	-66.0625	58.0	-46.3125	3.8125	-5.75	-32.25	1.875
11:15:08.042711	-8.625	20.4375	-11.0625	7.9375	1.625	-66.875	53.0	28.9375	7.1875	-34.625	17.1875	-0.4375
11:15:08.052852	-4.4375	10.6875	-6.3125	1.625	20.3125	-68.3125	50.875	83.125	10.0	-24.375	47.9375	1.3125
11:15:08.062924	-2.4375	1.5625	-3.1875	-4.0	29.375	-70.75	50.6875	95.75	10.3125	-24.1875	23.6875	8.1875
11:15:08.073049	-1.8125	-4.4375	-1.875	-0.8125	21.8125	-73.375	50.4375	76.0	8.4375	-35.25	5.0625	0.0
11:15:08.083121	-2.6875	-7.125	-2.25	6.5625	3.75	-75.1875	48.4375	43.3125	6.9375	-22.375	18.375	5.0625
11:15:08.093299	-3.5	-7.875	-2.875	18.0	-22.9375	-76.375	45.5625	10.375	6.8125	-13.625	-13.6875	9.0625
11:15:08.103397	-4.6875	-8.375	-3.8125	26.1875	-48.6875	-76.75	42.75	-22.625	7.375	-9.8125	-32.6875	12.1875
11:15:08.114010	-6.125	-9.4375	-4.375	27.6875	-59.0625	-75.0	40.6875	-47.6875	6.625	-7.75	-18.25	9.6875
11:15:08.124546	-6.8125	-9.375	-5.125	23.3125	-54.4375	-70.9375	39.3125	-57.8125	5.6875	-11.4375	-4.75	5.625
11:15:08.134649	-7.0	-8.5625	-5.8125	17.625	-43.4375	-66.6875	38.8125	-50.5625	4.75	-12.5625	-5.375	1.5625
11:15:08.145383	-6.875	-7.6875	-5.875	12.25	-29.0625	-63.3125	38.9375	-34.125	4.75	-13.5	-3.75	0.0
11:15:08.155452	-6.75	-7.0625	-6.0625	6.625	-16.4375	-61.3125	39.8125	-21.375	4.875	-17.375	-1.25	0.3125
11:15:08.165578	-7.0	-6.8125	-6.4375	1.5625	-3.125	-61.0625	40.375	-11.75	5.0	-18.6875	-4.5625	1.3125
11:15:08.175713	-6.875	-7.3125	-7.0625	0.125	5.625	-61.375	40.5	-4.0	4.8125	-18.9375	-5.0	4.1875
11:15:08.185805	-5.9375	-7.875	-8.125	0.3125	14.0	-62.0625	40.0625	-1.5625	4.1875	-17.4375	-4.5	8.4375
11:15:08.195917	-5.6875	-7.875	-8.125	2.25	20.4375	-63.125	39.75	-6.0625	4.125	-16.3125	-13.0625	12.6875
11:15:08.206332	-5.3125	-7.875	-5.5	2.0625	21.875	-63.3125	39.125	-11.875	3.75	-17.125	-23.25	15.1875
11:15:08.216884	-5.1875	-8.0	-2.4375	1.625	19.75	-62.0	39.5	-17.75	3.0625	-19.1875	-23.75	15.125
11:15:08.227525	-5.5625	-7.9375	0.25	0.125	15.75	-59.9375	40.625	-15.8125	1.8125	-19.5	-18.1875	11.0625
11:15:08.237681	-6.25	-8.0	2.3125	-1.75	10.3125	-57.8125	42.625	-4.4375	1.1875	-20.5	-3.75	7.375
11:15:08.247801	-7.375	-8.5	4.8125	-3.6875	10.4375	-55.75	47.4375	16.0	1.0625	-19.75	-2.1875	5.625
11:15:08.257890	-7.375	-8.5	4.8125	-2.6875	8.6875	-54.3125	50.75	15.75	1.875	-18.9375	-10.0	6.875
11:15:08.267988	-9.75	-8.9375	10.4375	-2.3125	7.0625	-52.5625	50.75	15.75	1.875	-21.1875	-12.1875	8.6875
11:15:08.278352	-10.875	-9.5	12.75	-2.875	6.0625	-50.6875	53.4375	8.9375	2.8125	-24.375	-12.8125	10.4375
