Time	Pelvis_x	Pelvis_y	Pelvis_z	UppLeg_x	UppLeg_y	UppLeg_z	LowLeg_x	LowLeg_y	LowLeg_z		Foot_x	Foot_y	Foot_z
11:14:59.372294	15.0	13.125	7.625	10.25	129.125	46.8125	53.1875	-129.375	10.8125	-244.875	253.75	64.4375
11:14:59.382848	13.75	19.5625	5.0	-18.375	148.0	38.0625	95.625	-129.8125	4.875	-429.4375	246.5625	124.25
11:14:59.393396	12.4375	34.625	-1.25	11.6875	132.0	2.4375	108.5	-55.625	4.75	-417.375	-56.9375	67.5625
11:14:59.403505	10.875	48.1875	-6.9375	43.5625	102.6875	-2.8125	90.625	-31.9375	10.6875	5.0	-165.5	-75.8125
11:14:59.413591	8.9375	51.375	-9.6875	49.8125	64.875	0.75	96.375	-36.125	16.0	113.9375	-296.4375	-14.5
11:14:59.423736	7.8125	43.4375	-9.1875	17.4375	10.3125	9.3125	96.375	-36.125	16.0	96.75	-292.625	52.5625
11:14:59.434433	7.1875	27.8125	-7.5	-11.375	-29.75	26.4375	97.8125	-78.625	16.0625	50.6875	-284.9375	84.3125
11:14:59.444500	5.8125	8.75	-6.5625	-20.4375	-24.375	52.4375	86.5625	-109.0	6.625	-47.5	-161.9375	5.9375
11:14:59.454693	3.8125	-7.75	-6.8125	-8.5625	23.125	72.9375	86.5625	-109.0	6.625	-114.125	10.3125	-36.4375
11:14:59.465304	2.5625	-17.875	-7.9375	0.9375	105.1875	77.0	78.0	-75.1875	-10.25	-92.625	79.4375	-63.6875
11:14:59.475414	3.4375	-19.9375	-9.4375	16.0625	157.4375	68.8125	71.0	-18.0625	-19.6875	-115.5625	201.875	-55.1875
11:14:59.485586	6.25	-17.5625	-9.375	31.0625	160.0	61.5	67.0	84.875	-11.5	-135.6875	294.375	30.125
11:14:59.495681	8.6875	-13.75	-8.375	24.375	124.0	58.875	65.875	91.375	-2.875	-43.25	308.375	108.125
11:14:59.505845	9.8125	-9.6875	-6.25	6.4375	67.625	59.4375	61.9375	59.5	5.75	23.75	218.5	130.9375
11:14:59.516395	9.75	-4.625	-3.875	-4.0	13.0	61.9375	57.4375	9.3125	10.3125	-3.4375	74.3125	101.25
11:14:59.526511	8.6875	2.75	-1.75	-13.0625	-23.25	66.6875	56.5	-36.625	9.9375	-36.875	-87.625	22.5625
11:14:59.536639	6.8125	11.75	0.5	-24.5	-40.3125	70.0625	60.0625	-54.125	6.875	-53.0	-199.5	-60.5625
11:14:59.547359	5.3125	20.0	2.5625	-20.625	-33.6875	71.375	60.25	-42.875	2.5	-32.0625	-241.1875	-87.9375
11:14:59.557434	4.375	25.1875	2.9375	-10.1875	-15.5625	76.0	55.75	-7.1875	-0.5625	-32.5	-190.375	-69.6875
11:14:59.567502	3.25	26.375	3.0625	3.75	13.625	78.5	49.8125	36.5625	-1.0	-53.9375	-50.75	-34.3125
11:14:59.577576	2.0	24.875	2.6875	16.6875	48.375	77.625	44.0	70.25	0.625	-71.5625	135.0	23.375
11:14:59.587704	1.0	21.4375	1.625	21.0	73.6875	78.125	40.875	80.875	3.875	-39.375	280.0	65.8125
11:14:59.597776	0.1875	17.3125	0.125	23.6875	78.5625	78.125	37.5625	67.375	7.1875	5.25	289.0	81.0
11:14:59.607882	-0.4375	13.8125	-1.5625	22.0	68.3125	76.3125	34.625	39.9375	9.625	7.5625	174.5	44.4375
11:14:59.617953	-1.3125	11.0	-2.6875	17.5625	48.125	74.5	32.25	10.9375	9.75	-24.8125	-2.25	-17.6875
11:14:59.628028	-1.9375	9.4375	-3.8125	12.0625	24.625	75.1875	30.3125	0.8125	7.6875	-49.1875	-130.3125	-60.3125
11:14:59.638112	-2.5	8.0	-4.6875	11.6875	14.75	76.875	29.8125	13.375	6.75	-28.5	-143.5	-63.6875
11:14:59.648180	-2.9375	6.625	-5.5	14.3125	11.0625	80.3125	29.6875	28.6875	7.125	-12.5	-53.625	-31.875
11:14:59.658284	-3.5	5.625	-5.625	16.6875	4.75	84.875	30.25	41.0	8.125	-18.9375	73.6875	6.0625
11:14:59.668354	-4.0625	4.4375	-5.75	19.5625	-7.875	89.1875	30.6875	46.5625	8.9375	-26.3125	163.75	28.9375
11:14:59.678428	-4.625	3.5	-5.75	23.25	-22.4375	92.9375	29.5	40.6875	9.0	-21.3125	157.5	26.1875
11:14:59.688511	-4.9375	2.9375	-5.1875	24.0625	-38.1875	96.125	29.1875	30.3125	8.375	-17.9375	66.125	3.9375
11:14:59.698581	-4.875	3.3125	-4.3125	22.625	-53.25	97.75	29.4375	18.75	8.3125	-25.25	-30.375	-19.4375
11:14:59.708652	-4.0	4.625	-3.375	19.875	-60.4375	96.375	30.5	12.5625	7.8125	-29.0	-71.25	-24.8125
11:14:59.718720	-2.875	6.75	-2.375	18.75	-64.625	94.0	32.875	9.0625	7.1875	-33.125	-44.0	-11.6875
11:14:59.728796	-1.5	10.3125	-1.625	17.4375	-58.6875	89.6875	36.25	9.0	6.25	-30.75	-39.9375	3.3125
11:14:59.738873	0.8125	13.875	-0.9375	16.0625	-49.8125	82.6875	39.6875	8.0625	4.25	-36.5	-19.125	13.5
11:14:59.748945	3.9375	18.0	-0.125	15.75	-34.125	74.5625	45.875	15.8125	0.0625	-44.0625	76.1875	26.875
11:14:59.759013	7.8125	22.75	1.3125	17.75	-26.25	68.0	45.0	17.0625	-2.0625	-47.5625	106.875	34.0
11:14:59.769082	12.0	26.75	3.4375	24.0625	-20.1875	61.625	47.9375	31.375	-3.0	-51.125	95.9375	33.0625
11:14:59.779151	14.9375	29.8125	5.875	26.5	-8.75	55.5	55.0	42.625	-3.5	-56.625	111.9375	29.3125
11:14:59.789281	16.0	32.1875	10.6875	24.75	0.6875	50.375	55.75	43.375	-2.3125	-65.875	126.75	19.5
11:14:59.799433	15.0625	32.0625	12.875	22.625	10.0	46.625	60.4375	45.4375	1.625	-70.375	92.875	8.1875
11:14:59.809524	13.375	32.625	15.0625	17.0	18.875	43.3125	66.3125	42.875	6.75	-69.125	12.0625	-8.5
11:14:59.819654	12.625	33.4375	16.375	13.5625	26.1875	40.8125	70.1875	32.8125	12.375	-75.9375	-47.4375	-23.375
11:14:59.829748	12.375	33.875	16.0625	8.6875	34.5625	38.1875	74.4375	20.875	16.6875	-82.0	-61.3125	-29.125
11:14:59.840300	12.375	34.375	16.3125	1.0625	42.0	35.875	79.625	8.375	19.625	-85.4375	-59.875	-28.9375
11:14:59.850394	12.3125	33.5	16.375	-3.75	42.625	34.0	84.875	0.875	21.375	-92.125	-60.4375	-29.8125
11:14:59.860468	11.9375	30.3125	16.5625	-7.9375	38.625	31.4375	91.0	-0.25	22.0	-100.125	-65.875	-31.0
11:14:59.870560	11.6875	25.375	16.375	-9.625	31.0	28.1875	97.1875	2.5625	22.1875	-108.125	-68.5625	-31.875
11:14:59.880662	12.0	19.5625	15.25	-10.5625	20.8125	25.125	103.6875	6.8125	22.5	-117.25	-65.1875	-29.375
11:14:59.890759	12.125	14.5625	14.5625	-14.625	12.125	22.0	109.375	9.5625	22.875	-117.25	-65.1875	-29.375
11:14:59.900833	12.25	11.3125	14.0625	-16.6875	7.9375	18.0625	115.0625	13.375	23.0	-132.75	-51.6875	-17.0
11:14:59.910904	11.9375	10.375	14.75	-19.25	7.5	13.4375	122.0	19.1875	23.0	-141.5	-54.125	-18.125
11:14:59.920985	11.3125	12.5625	15.4375	-22.3125	12.3125	7.9375	128.125	28.5	22.5625	-156.875	-72.0	-17.6875
11:14:59.931473	9.125	15.875	14.5	-24.375	18.5	1.375	133.8125	40.375	21.625	-158.5625	-40.5625	-9.4375
11:14:59.941571	1.6875	24.25	15.5625	-24.6875	23.5	-6.375	141.75	61.375	22.25	-172.375	39.875	-5.9375
11:14:59.952277	-7.9375	35.375	19.3125	-23.625	21.5	-16.875	148.875	79.625	24.9375	-172.875	-54.8125	-39.125
11:14:59.962384	-14.4375	36.3125	20.1875	-25.5	22.1875	-30.75	156.625	68.875	26.375	-199.25	-229.9375	-37.0625
11:14:59.972483	-14.9375	23.75	15.875	-40.125	22.5625	-44.875	169.9375	65.625	21.875	-224.75	-272.6875	-27.4375
11:14:59.982552	-11.0	-1.25	6.625	-73.4375	16.875	-75.375	184.125	91.125	14.75	-206.3125	12.25	85.375
11:14:59.992666	-8.375	-15.375	-3.9375	-73.4375	16.875	-75.375	198.0	146.3125	12.25	-206.3125	12.25	85.375
11:15:00.002776	-8.5625	-7.4375	-10.1875	-93.125	0.25	-103.9375	198.25	193.25	20.5	-256.25	245.6875	88.625
11:15:00.013224	-9.125	8.5625	-11.5	-93.125	0.25	-103.9375	199.3125	219.25	32.25	-301.5	301.3125	91.6875
11:15:00.023462	-8.6875	23.0625	-13.125	-80.4375	-26.5625	-129.875	187.1875	184.375	41.625	-297.4375	216.9375	78.625
11:15:00.033695	-7.9375	33.0	-14.5625	-55.25	-28.0625	-145.625	168.625	93.125	49.375	-201.9375	142.5	-38.5625
11:15:00.044331	-7.9375	39.125	-14.8125	-38.8125	-9.125	-163.8125	142.5	1.1875	48.6875	-283.0	-94.0625	-113.9375
11:15:00.054433	-8.8125	41.1875	-14.125	-22.875	23.375	-174.4375	134.0625	-24.0	41.5625	-428.8125	-676.3125	-175.0
11:15:00.064565	-9.125	40.25	-12.1875	-7.8125	47.0	-173.4375	119.5	-32.0625	33.9375	-251.375	-910.8125	-35.75
11:15:00.075180	-8.25	39.0625	-9.0	7.375	64.625	-162.125	99.875	-94.8125	29.6875	71.4375	-307.3125	13.75
11:15:00.085635	-5.9375	37.9375	-5.1875	8.5625	73.6875	-149.6875	92.6875	-132.25	22.3125	174.1875	491.125	4.0625
11:15:00.096148	-2.9375	36.25	-1.4375	-1.375	71.1875	-147.25	87.1875	-97.25	8.625	229.0625	672.6875	102.0625
11:15:00.106634	0.4375	32.0	1.25	-9.75	53.75	-151.0	16.4375	-20.875	-8.6875	233.6875	573.125	127.5
11:15:00.116990	3.1875	26.1875	2.5	-15.375	30.1875	-155.75	16.4375	-20.875	-8.6875	194.5	237.5625	123.1875
11:15:00.127544	5.3125	20.5	2.125	-25.1875	0.6875	-155.5	-51.375	-5.375	-16.125	152.9375	42.5625	91.5625
11:15:00.137630	5.9375	17.0625	1.1875	-29.875	-25.6875	-156.375	-83.0625	-18.8125	-23.6875	74.6875	-63.6875	-1.375
11:15:00.147700	5.125	15.3125	-0.1875	-31.5	-28.4375	-159.75	-108.875	-30.3125	-33.0	74.8125	-168.75	-71.9375
11:15:00.157775	3.75	14.75	-1.9375	-35.4375	-15.75	-159.0625	-131.8125	-33.75	-39.8125	189.25	-194.0	-114.75
11:15:00.167846	2.4375	14.75	-3.6875	-30.125	1.1875	-152.1875	-156.25	-47.6875	-44.8125	236.8125	-51.6875	-66.1875
11:15:00.177935	1.6875	15.0	-4.4375	-22.8125	18.0625	-142.8125	-179.0	-50.1875	-47.8125	225.125	162.375	-4.5625
11:15:00.188030	1.4375	15.0	-4.4375	-13.5625	18.6875	-130.9375	-199.25	-38.0	-49.8125	252.25	287.875	63.9375
11:15:00.198464	1.375	15.25	-3.5625	-7.875	5.0625	-119.875	-199.25	-38.0	-49.8125	278.8125	305.9375	102.125
11:15:00.208553	1.25	15.5625	-2.1875	-4.0625	-19.125	-107.625	-241.5625	-20.3125	-54.5	318.8125	202.1875	104.4375
11:15:00.218627	1.125	15.5625	-1.0625	-4.0	-38.8125	-96.0625	-255.5625	-17.0625	-57.625	336.25	67.6875	75.0625
11:15:00.228746	0.9375	15.375	0.125	-2.625	-53.9375	-83.5	-267.6875	-20.375	-59.25	339.375	5.0625	48.5625
11:15:00.238850	0.875	15.125	0.875	-7.375	-57.625	-72.0625	-279.375	-24.9375	-60.0	344.8125	40.5625	49.0
11:15:00.248919	0.0625	14.9375	1.1875	-11.1875	-53.9375	-62.5625	-292.875	-20.0	-60.4375	333.4375	137.5	68.75
11:15:00.259007	-0.1875	14.8125	1.6875	-14.125	-42.5625	-54.0	-306.375	-4.125	-60.75	317.25	229.9375	89.1875
11:15:00.269082	-0.5	14.6875	1.8125	-16.3125	-22.875	-48.3125	-318.75	17.375	-60.0625	316.875	255.625	109.5625
11:15:00.279185	-2.3125	13.4375	2.625	-12.875	-6.125	-41.8125	-326.4375	37.25	-60.8125	312.625	218.0	99.3125
11:15:00.289256	-3.125	13.0	3.9375	-11.75	8.75	-36.3125	-332.3125	45.8125	-60.5	308.875	138.875	79.1875
11:15:00.299467	-4.3125	12.625	5.5625	-4.875	25.0625	-29.5	-336.8125	51.0625	-58.1875	310.125	80.6875	60.8125
11:15:00.309868	-5.5	12.125	7.625	-1.4375	29.625	-18.5625	-340.625	52.0	-53.6875	312.4375	63.5	62.875
11:15:00.320401	-5.5	12.125	7.625	-2.125	31.875	-7.125	-338.5625	56.875	-46.9375	326.0625	76.5	79.375
11:15:00.330566	-8.8125	12.6875	11.5625	0.625	35.4375	1.0625	-330.6875	54.4375	-39.25	336.4375	88.75	85.75
11:15:00.340647	-10.625	12.875	12.5	5.875	33.75	11.0625	-315.8125	43.0625	-33.9375	314.3125	86.5625	77.3125
11:15:00.350708	-12.5	12.125	13.3125	10.625	37.5	21.0	-302.3125	18.25	-29.375	278.0	60.0625	52.75
11:15:00.360785	-13.375	11.5	13.6875	15.0625	44.0	29.625	-286.4375	-7.6875	-28.0	238.1875	25.375	30.5625
11:15:00.370903	-13.8125	10.125	13.4375	20.875	52.0	32.375	-264.75	-23.375	-27.0	214.3125	16.375	25.4375
11:15:00.381020	-13.5	8.0	12.8125	22.375	46.1875	34.75	-236.875	-24.25	-24.5	188.3125	35.9375	31.5625
11:15:00.391092	-11.25	4.4375	12.0625	18.125	19.75	35.0625	-203.6875	-13.5625	-20.375	151.375	52.5625	42.25
11:15:00.401204	-8.6875	-0.5625	12.25	16.375	0.1875	31.6875	-165.125	0.875	-15.625	112.1875	19.0	42.1875
11:15:00.411283	-6.0625	-5.3125	11.4375	21.0625	2.875	22.9375	-120.8125	7.1875	-11.5	56.375	-32.1875	32.125
11:15:00.421425	-4.6875	-8.5625	10.125	28.5625	3.4375	13.0625	-72.0625	8.625	-9.625	5.0625	-39.5	15.625
11:15:00.431851	-4.0625	-8.25	8.75	25.625	-6.0625	2.3125	-24.9375	0.5	-8.125	-24.6875	-14.5625	2.0625
11:15:00.441943	-4.0625	-5.8125	8.75	13.125	-34.5	-6.1875	20.0625	-8.375	-5.75	-55.0	1.0625	-8.625
11:15:00.452297	-3.75	-2.3125	8.5625	-6.0625	-66.0625	-13.0625	63.0625	-16.3125	-3.25	-26.0	26.625	-40.25
11:15:00.462453	-4.0	0.9375	8.4375	-16.1875	-76.4375	-23.375	98.1875	-21.1875	-1.375	-102.4375	30.4375	-89.625
11:15:00.472516	-2.0625	5.25	7.5	-11.4375	-43.75	-24.3125	122.5625	-16.3125	-2.0	-162.8125	-289.375	-158.3125
11:15:00.482590	4.0625	5.875	9.8125	-11.4375	-43.75	-24.3125	127.6875	27.4375	-12.1875	-100.9375	-440.5	-148.1875
11:15:00.492701	10.125	-3.6875	16.6875	19.5625	20.1875	-16.1875	99.125	45.375	-17.4375	-179.625	-127.125	-161.4375
11:15:00.503129	13.25	-12.4375	20.3125	8.6875	73.125	16.625	81.5625	-103.375	9.0	-188.75	-79.3125	-79.4375
11:15:00.513443	14.875	-9.125	16.1875	4.625	130.875	-1.0	109.0	-173.1875	20.75	-198.0625	-76.8125	66.3125
11:15:00.523576	12.9375	7.3125	8.1875	49.25	88.375	-5.125	123.375	-192.125	15.1875	-335.25	-110.875	71.875
11:15:00.534207	8.9375	26.3125	2.0	56.375	7.5	11.4375	123.5625	-116.9375	13.125	-291.875	-261.5	18.8125
11:15:00.544338	5.875	35.0625	0.625	1.5	-48.0625	29.1875	102.0625	-29.75	11.4375	-83.8125	-343.375	-70.6875
11:15:00.554905	5.125	27.4375	1.1875	-31.5625	-72.1875	43.5	94.4375	2.5	7.3125	-70.9375	-322.5625	6.75
11:15:00.565010	6.625	6.5	1.375	-25.375	-34.375	56.125	100.5	3.3125	2.125	38.6875	-162.875	33.9375
11:15:00.575181	8.3125	-19.3125	-0.75	-11.9375	26.0625	69.0625	99.75	-23.4375	1.3125	116.8125	-7.8125	50.5625
11:15:00.585254	8.0	-40.625	-6.875	7.8125	109.4375	75.125	97.375	-51.0	1.25	116.8125	-7.8125	50.5625
11:15:00.595356	7.875	-50.1875	-13.6875	27.3125	154.75	74.6875	93.0	-64.875	-4.625	-19.5625	239.3125	44.75
11:15:00.605439	8.5	-48.375	-19.125	41.125	170.5625	75.5	85.5625	-46.0625	-11.875	-76.1875	255.8125	9.625
11:15:00.615511	8.5	-41.625	-21.0625	39.875	173.375	79.625	78.3125	8.0	-16.75	-87.8125	215.875	-38.6875
11:15:00.625585	8.1875	-33.9375	-19.6875	2.25	71.1875	77.375	70.5625	56.0625	-14.8125	-84.0625	111.25	-9.0
11:15:00.636210	6.875	-27.0	-16.1875	-11.625	-2.625	78.625	67.625	75.4375	-9.0625	-105.6875	-14.75	43.125
11:15:00.646277	5.125	-20.8125	-12.125	-20.8125	-54.9375	80.25	63.875	28.6875	2.9375	-93.375	-113.0	68.1875
11:15:00.656358	3.3125	-14.0	-8.25	-23.3125	-86.3125	79.6875	60.125	-7.5625	5.0	-10.125	-161.0	42.75
11:15:00.666520	1.5	-6.125	-4.9375	-11.0	-79.25	81.5625	57.5625	-30.5625	5.25	44.375	-123.0625	-4.4375
11:15:00.677217	-0.3125	1.75	-2.5	7.8125	-45.625	84.875	57.625	-37.75	4.8125	24.625	-77.625	-5.0
11:15:00.687337	-1.875	6.125	-1.0625	22.25	-4.0625	89.0625	57.5625	-32.0625	4.0	-8.4375	-35.9375	-17.5
11:15:00.697410	-3.125	5.875	-1.125	28.75	28.6875	93.8125	52.6875	-18.75	2.3125	-35.875	-10.75	-11.75
11:15:00.707657	-3.5625	3.125	-2.375	28.75	28.6875	93.8125	52.6875	-18.75	2.3125	-35.875	-10.75	-11.75
11:15:00.717776	-3.3125	-0.5	-4.6875	30.75	50.625	97.375	47.25	14.875	-0.4375	-72.0	30.6875	-1.0
11:15:00.727878	-3.125	-3.0625	-6.8125	22.25	32.6875	91.5625	43.125	52.125	-1.125	-90.0625	108.0625	2.0
11:15:00.737998	-2.75	-4.25	-8.5625	17.3125	9.4375	83.1875	39.4375	62.375	4.0	9.375	163.375	55.5
11:15:00.748072	-2.625	-4.0625	-10.0625	15.625	-10.875	75.9375	40.125	37.0625	5.4375	-4.5	129.8125	38.0
11:15:00.758204	-2.3125	-3.0625	-10.9375	17.4375	-19.9375	71.75	41.5	9.75	5.4375	-36.9375	27.8125	4.375
11:15:00.768312	-2.25	-1.75	-11.5	19.25	-16.0	71.5625	42.3125	-4.0625	4.4375	-42.4375	-64.875	-27.5
11:15:00.778889	-2.1875	3.375	-11.4375	20.5	-6.375	73.875	42.875	1.0	4.125	-28.3125	-100.0	-38.6875
11:15:00.788960	-2.1875	5.625	-10.1875	23.75	2.375	77.375	44.0	13.875	4.0625	-28.3125	-100.0	-38.6875
11:15:00.799090	-2.0625	7.625	-9.375	29.0	4.625	80.4375	45.125	25.75	4.1875	-33.3125	25.3125	-3.25
11:15:00.809203	-1.875	8.875	-7.8125	30.625	-1.375	82.4375	46.1875	32.375	4.375	-34.4375	112.8125	18.8125
11:15:00.819273	-1.125	9.75	-6.25	26.5	-16.0	83.125	48.4375	32.9375	4.8125	-36.5	142.1875	25.4375
11:15:00.829710	0.25	9.875	-4.75	22.375	-32.1875	82.1875	49.9375	24.625	5.5625	-32.375	98.4375	12.5625
11:15:00.839850	1.75	9.9375	-3.4375	18.125	-48.3125	80.6875	50.8125	14.5	6.1875	-35.4375	20.5625	-6.625
11:15:00.850094	3.0	9.4375	-2.125	15.1875	-54.5625	79.375	51.8125	9.375	5.8125	-33.4375	-26.8125	-18.9375
11:15:00.860561	3.0	9.4375	-2.125	14.375	-52.125	78.0	53.5	5.375	5.875	-33.4375	-26.8125	-18.9375
11:15:00.870627	6.0625	8.5625	0.0625	15.5	-45.625	76.375	55.125	3.125	5.5	-33.4375	-26.8125	-18.9375
11:15:00.880909	8.0	8.3125	1.0625	16.5625	-37.5625	74.8125	56.5625	-1.1875	4.3125	-21.375	-114.0625	11.125
11:15:00.890981	10.1875	8.5625	2.9375	18.8125	-31.375	73.5625	61.5625	9.3125	-0.6875	-47.375	53.875	23.5625
11:15:00.901055	12.125	8.3125	4.25	24.75	-22.5	70.8125	59.4375	17.5625	-5.0	-49.6875	161.8125	55.4375
11:15:00.911134	12.625	7.0625	5.375	31.0	-10.8125	65.5625	58.125	35.9375	-5.875	-52.25	167.1875	49.0
11:15:00.921211	12.4375	5.375	6.0625	28.75	0.5625	58.875	63.0625	53.4375	-5.5	-52.25	167.1875	49.0
11:15:00.931334	11.75	4.0625	6.4375	25.9375	6.875	53.8125	65.0	51.4375	-3.75	-60.875	101.0625	17.5625
11:15:00.941807	10.8125	3.9375	6.5	20.1875	11.0	50.125	67.0	42.6875	0.125	-66.0	55.875	2.0625
11:15:00.951911	9.4375	4.25	7.125	15.9375	15.9375	46.0625	72.5625	35.125	4.8125	-70.0	11.5625	-11.25
11:15:00.962035	8.0	4.9375	7.75	12.375	23.5625	42.3125	76.8125	24.375	9.8125	-72.25	-23.25	-17.625
11:15:00.972174	7.1875	5.0625	8.4375	6.25	31.0	38.6875	80.0	13.3125	13.5	-78.5	-37.6875	-22.0625
11:15:00.982699	6.875	4.25	9.1875	-0.75	37.125	35.25	85.0	3.125	16.1875	-86.875	-51.5	-25.125
11:15:00.992824	7.4375	2.75	9.75	-8.5625	36.3125	31.75	91.0625	-3.5625	18.25	-94.375	-67.5	-29.875
11:15:01.002949	8.1875	1.3125	10.25	-16.4375	22.4375	24.3125	98.125	-5.6875	18.9375	-94.375	-67.5	-29.875
11:15:01.013075	8.9375	0.6875	10.625	-19.6875	15.9375	19.375	104.5	-3.625	18.75	-114.0625	-79.6875	-31.875
11:15:01.023193	9.0625	1.125	11.0	-21.3125	11.25	14.5625	111.5	3.8125	17.8125	-114.0625	-79.6875	-31.875
11:15:01.033543	9.375	3.4375	12.0	-23.75	13.9375	8.0	116.5625	13.0	17.3125	-134.25	-43.6875	-15.375
11:15:01.043830	9.125	7.3125	13.6875	-27.875	25.25	-0.25	122.375	22.875	17.1875	-134.25	-43.6875	-15.375
11:15:01.054326	9.0625	12.875	15.625	-31.0625	32.375	-7.875	131.625	32.375	17.125	-134.25	-43.6875	-15.375
11:15:01.064548	8.5625	18.875	16.125	-31.75	35.0625	-16.1875	139.75	40.5	17.125	-169.875	-68.4375	-14.9375
11:15:01.074734	4.3125	25.5	17.1875	-31.1875	31.0625	-27.3125	148.5	54.5	17.3125	-194.0625	-10.6875	-15.375
11:15:01.085163	-2.625	33.75	19.375	-31.1875	31.0625	-27.3125	156.8125	83.0	19.625	-194.0625	-10.6875	-15.375
11:15:01.095525	-9.625	35.0625	19.8125	-59.6875	30.875	-54.875	156.8125	83.0	19.625	-235.6875	-227.8125	-25.5625
11:15:01.105765	-13.5625	25.0625	16.125	-73.5	18.875	-67.0625	185.8125	130.0625	23.25	-256.625	-160.4375	-9.0625
11:15:01.115839	-15.625	2.5625	8.75	-89.25	0.25	-79.5	185.8125	130.0625	23.25	-228.375	-38.5	26.1875
11:15:01.125917	-16.875	-21.5625	-1.6875	-93.125	-19.75	-91.25	190.5	169.125	38.5625	-244.0	172.375	55.6875
11:15:01.136010	-17.5625	-28.875	-11.1875	-94.625	-39.0625	-102.1875	179.875	146.1875	46.8125	-311.8125	238.6875	66.625
11:15:01.146128	-17.0625	-20.5	-15.4375	-83.8125	-56.625	-113.5	169.0625	90.25	55.25	-311.0625	100.5625	45.125
11:15:01.156200	-15.125	-4.3125	-15.75	-65.125	-57.9375	-129.5	156.125	29.9375	63.0625	-311.0625	100.5625	45.125
11:15:01.166303	-13.125	13.625	-14.625	-54.5	-28.875	-146.1875	137.5625	-9.5625	62.1875	-271.3125	-74.8125	-149.4375
11:15:01.176409	-12.25	27.3125	-12.5625	-34.0	10.5625	-159.25	123.75	-6.6875	59.5625	-397.5	-364.0	-245.9375
11:15:01.186596	-12.625	33.25	-10.625	-16.9375	38.3125	-163.5625	96.5625	-14.5	57.125	-414.0625	-705.875	-270.5625
11:15:01.196713	-12.75	32.0	-8.875	-5.8125	55.4375	-157.5625	69.5625	-87.1875	55.1875	-286.5625	-1025.25	-149.375
11:15:01.206869	-12.0	27.3125	-6.0	-5.5625	60.625	-149.3125	64.0	-132.375	40.0625	15.625	-620.75	15.625
11:15:01.217497	-9.5625	22.3125	-3.0	-11.25	48.4375	-142.25	50.4375	-92.375	26.3125	170.625	402.875	9.0625
11:15:01.227566	-6.125	18.5625	-0.5	-20.0625	22.6875	-140.4375	14.1875	-53.5625	16.0625	170.625	402.875	9.0625
11:15:01.238188	-2.4375	15.625	0.3125	-26.875	0.75	-145.25	-27.25	-30.625	9.375	271.5625	752.625	133.4375
11:15:01.248520	0.6875	11.9375	-0.25	-36.75	-22.6875	-147.375	-64.8125	-24.4375	3.6875	225.4375	326.0625	104.0
11:15:01.258735	4.25	3.3125	-4.4375	-43.625	-48.625	-145.3125	-94.25	-25.0	-2.1875	165.8125	32.0625	71.125
11:15:01.269159	5.0	0.875	-6.3125	-44.375	-65.0625	-145.4375	-118.1875	-32.4375	-10.875	165.8125	32.0625	71.125
11:15:01.279587	5.0	0.875	-6.3125	-43.875	-57.375	-146.1875	-137.875	-34.5625	-19.125	98.125	-220.1875	-94.0625
11:15:01.289661	5.125	-1.0	-10.9375	-44.1875	-40.5625	-143.25	-158.4375	-43.625	-23.625	233.125	-154.125	-168.625
11:15:01.299737	4.8125	-1.375	-11.25	-34.3125	-22.75	-137.3125	-180.4375	-50.5	-24.625	233.125	-154.125	-168.625
11:15:01.309819	4.3125	-1.4375	-10.5625	-26.375	-5.5	-128.375	-204.125	-46.1875	-24.75	233.125	-154.125	-168.625
11:15:01.319977	3.75	-0.875	-8.75	-20.375	-6.375	-117.4375	-229.125	-34.0625	-25.8125	243.625	302.1875	43.8125
11:15:01.330043	3.25	-0.3125	-6.625	-15.0625	-18.25	-106.125	-249.6875	-23.1875	-27.375	243.625	302.1875	43.8125
11:15:01.340206	2.4375	-0.125	-5.0625	-11.0	-33.9375	-92.75	-265.25	-11.75	-30.75	315.625	192.0625	60.6875
11:15:01.350271	2.125	-0.5	-4.375	-8.75	-47.5625	-79.8125	-278.3125	-3.5	-35.0	315.625	192.0625	60.6875
11:15:01.360374	2.0	-0.8125	-3.9375	-7.6875	-53.8125	-67.8125	-292.4375	-4.75	-37.375	348.0625	-9.875	-5.125
11:15:01.370443	2.3125	-0.5625	-3.625	-7.5625	-54.4375	-57.3125	-307.1875	-9.25	-38.5	352.75	26.5	9.125
11:15:01.380519	2.1875	-0.125	-3.5625	-8.625	-50.4375	-47.5625	-320.6875	-0.25	-40.3125	347.0625	135.4375	35.5
11:15:01.390644	1.625	0.5	-2.8125	-10.9375	-37.25	-38.375	-331.4375	17.6875	-42.875	340.6875	218.0625	64.75
11:15:01.400719	1.0	1.5625	-1.5	-10.625	-17.0625	-32.875	-340.5625	39.1875	-45.6875	340.6875	218.0625	64.75
11:15:01.410800	-0.5	2.1875	0.125	-1.1875	9.125	-27.75	-344.5625	71.9375	-48.8125	303.5625	250.375	81.6875
11:15:01.420866	-2.1875	3.5625	1.25	7.625	25.5	-20.125	-345.875	103.125	-52.3125	301.0625	191.25	71.625
11:15:01.430950	-3.75	5.4375	2.75	6.8125	30.8125	-11.375	-338.4375	122.4375	-55.375	294.9375	129.6875	64.1875
11:15:01.441022	-4.6875	6.875	4.4375	-0.4375	32.75	-3.25	-326.875	118.625	-56.75	297.0625	96.75	67.875
11:15:01.451140	-5.875	8.25	5.625	-4.3125	33.1875	4.625	-309.1875	93.25	-54.6875	313.625	105.9375	89.8125
11:15:01.461896	-7.0	9.1875	6.125	0.3125	34.625	12.3125	-292.875	52.25	-51.6875	309.0625	134.875	103.4375
11:15:01.471963	-7.5	9.8125	6.1875	3.0	33.5	20.1875	-278.1875	13.0625	-49.125	270.75	158.875	92.3125
11:15:01.482146	-7.375	10.5625	5.625	2.375	28.0	24.1875	-259.125	-13.25	-43.9375	230.3125	139.6875	57.625
11:15:01.492771	-7.8125	11.5625	4.1875	4.875	21.5625	21.9375	-235.0625	-25.6875	-36.3125	220.25	60.125	32.0625
11:15:01.502907	-8.125	11.625	2.8125	9.125	8.125	15.25	-206.3125	-21.6875	-28.0625	209.625	-9.6875	15.125
11:15:01.513018	-7.8125	10.125	1.25	12.25	1.6875	8.1875	-173.5	-7.4375	-20.75	185.375	-40.3125	17.6875
11:15:01.523149	-6.75	6.375	0.9375	41.0	54.875	-9.1875	-137.75	0.75	-15.4375	146.1875	-38.25	30.9375
11:15:01.533795	-5.625	2.375	1.625	50.6875	61.125	-9.375	-98.6875	-4.875	-12.6875	106.5	-24.375	27.75
11:15:01.543929	-4.0625	-0.9375	2.625	36.0625	39.3125	-7.375	-57.9375	-18.25	-11.4375	66.0	-26.0625	20.1875
11:15:01.554028	-2.5	-2.3125	3.375	12.125	-4.6875	-5.5	-17.875	-23.625	-10.75	66.0	-26.0625	20.1875
11:15:01.564681	-1.25	-1.5625	4.3125	-8.3125	-52.6875	-3.3125	19.75	-19.5	-9.9375	-15.75	-25.1875	5.4375
11:15:01.574833	-0.0625	-0.1875	5.375	-19.6875	-82.8125	-3.5625	53.0	-13.0	-8.25	-52.0	-23.125	-1.9375
11:15:01.585489	0.4375	0.875	6.0	-17.5	-88.1875	-2.375	82.5625	-13.875	-5.5	-86.8125	-52.125	-18.5
11:15:01.595580	0.0	0.6875	6.0	-6.75	-67.8125	-1.75	106.3125	-21.4375	-3.4375	-75.0625	17.1875	-48.5
11:15:01.605708	0.0	-1.3125	4.9375	8.6875	-28.0	-0.625	123.0625	-26.375	-2.625	-195.6875	-37.375	-115.8125
11:15:01.615973	1.3125	-4.0	3.3125	26.125	20.625	3.5	126.5	-22.875	-3.8125	-55.5	-339.5625	-173.125
11:15:01.626039	4.9375	-7.375	3.3125	62.4375	64.1875	17.875	103.25	24.4375	-8.5	66.875	-383.4375	-185.5
11:15:01.636381	9.8125	-17.5	8.25	55.875	76.875	43.6875	48.5	-67.375	3.875	66.875	-383.4375	-185.5
11:15:01.646626	11.8125	-26.375	11.8125	1.625	71.3125	50.1875	46.3125	-197.0	26.0625	-176.375	-172.9375	34.0
11:15:01.656780	12.125	-23.375	9.25	10.9375	102.875	33.625	109.3125	-211.75	11.6875	-341.25	-201.5625	140.25
11:15:01.666911	11.0625	-9.0625	2.5625	38.125	66.4375	25.0625	109.3125	-211.75	11.6875	-350.1875	-328.125	124.375
11:15:01.677040	9.1875	9.3125	-3.8125	30.0625	17.5	27.0625	88.6875	-44.5625	7.25	-350.1875	-328.125	124.375
11:15:01.687532	7.1875	20.75	-6.9375	15.375	-24.1875	29.5	97.625	-5.75	5.75	-25.0	-137.125	-83.6875
11:15:01.697607	7.9375	3.375	-5.25	5.0	-63.0625	32.75	101.6875	-6.875	2.75	0.5625	-187.0625	-12.625
11:15:01.707697	7.9375	3.375	-5.25	-5.5	-70.125	44.25	99.375	-32.5625	1.0625	0.5625	-187.0625	-12.625
11:15:01.717821	11.375	-34.25	-8.8125	-10.875	-38.5	56.75	96.75	-59.75	-3.0625	0.5625	-187.0625	-12.625
11:15:01.727917	10.625	-45.9375	-13.75	4.375	36.25	67.625	91.25	-57.875	-12.875	0.5625	-187.0625	-12.625
11:15:01.738100	10.625	-45.9375	-13.75	18.75	115.25	72.0	84.6875	-30.625	-19.25	0.5625	-187.0625	-12.625
11:15:01.748703	10.8125	-48.375	-16.25	34.375	155.375	71.6875	81.375	1.25	-17.125	0.5625	-187.0625	-12.625
11:15:01.758825	10.25	-45.375	-16.6875	49.25	164.6875	73.9375	79.3125	24.75	-12.4375	0.5625	-187.0625	-12.625
11:15:01.768995	9.25	-42.4375	-15.0625	42.6875	138.6875	74.9375	79.375	33.4375	-7.5	0.5625	-187.0625	-12.625
11:15:01.779069	7.5	-40.625	-11.4375	21.4375	68.875	73.4375	81.875	28.5625	-0.75	0.5625	-187.0625	-12.625
11:15:01.789379	7.5	-40.625	-11.4375	2.8125	-12.75	71.1875	81.875	28.5625	-0.75	-129.1875	129.875	-69.6875
11:15:01.799609	5.25	-38.0	-7.5625	-11.875	-74.125	73.0625	80.875	9.8125	4.4375	-60.8125	67.4375	65.9375
11:15:01.809716	-1.6875	-25.0	-0.125	-13.4375	-106.375	72.375	74.25	-43.625	6.25	-60.8125	67.4375	65.9375
11:15:01.819985	-4.6875	-17.0625	2.875	-5.25	-112.4375	76.4375	72.0625	-48.5625	4.8125	-10.1875	-40.5625	9.9375
11:15:01.830058	-6.75	-11.4375	4.4375	6.75	-86.75	82.6875	67.75	-42.875	3.75	-28.0625	-55.1875	-13.125
11:15:01.840129	-7.5625	-10.3125	4.8125	22.3125	-47.8125	88.9375	59.0	-27.6875	2.4375	-27.875	-58.9375	-24.9375
11:15:01.850260	-7.0625	-12.75	3.75	30.8125	-10.625	94.3125	51.125	-2.25	1.25	-23.625	-53.125	-17.875
11:15:01.860375	-6.125	-16.6875	1.4375	35.4375	20.5	98.5625	45.25	24.0	1.6875	-35.0	-3.0625	-10.9375
11:15:01.870486	-5.125	-19.3125	-0.8125	34.4375	39.0625	99.4375	37.5625	34.4375	2.125	-50.4375	62.625	-3.5625
11:15:01.880556	-4.5	-20.875	-2.625	31.6875	33.625	95.375	31.5625	27.5625	2.75	-52.9375	109.5	5.375
11:15:01.890623	-4.375	-20.75	-4.25	30.0625	8.9375	88.75	29.9375	8.4375	3.0	-40.125	122.375	11.875
11:15:01.900699	-4.75	-19.9375	-5.6875	27.5625	-19.3125	83.0	31.5625	-15.875	2.625	-24.3125	92.0625	10.0625
11:15:01.910786	-5.5	-18.75	-6.8125	24.6875	-40.3125	80.25	35.9375	-29.0625	1.875	-20.3125	31.5	-3.9375
11:15:01.920913	-6.5	-17.6875	-7.875	23.25	-50.3125	79.1875	39.25	-21.375	0.25	-20.75	-26.125	-12.5
11:15:01.930993	-7.8125	-16.6875	-8.1875	21.9375	-47.75	80.75	39.625	0.6875	-0.1875	-23.5625	-36.125	-14.875
11:15:01.941064	-8.5	-15.4375	-8.0625	21.125	-39.9375	83.625	36.6875	15.4375	0.625	-30.8125	-6.375	-10.6875
11:15:01.951131	-9.3125	-14.375	-7.875	22.375	-32.25	86.8125	36.1875	19.9375	1.6875	-35.125	31.875	-1.625
11:15:01.961206	-9.375	-12.625	-7.9375	23.75	-31.3125	90.0	39.0625	12.625	2.5625	-30.375	54.6875	5.375
11:15:01.971302	-9.125	-10.8125	-7.875	26.4375	-33.375	90.0	40.8125	-1.375	2.4375	-28.625	50.6875	1.9375
11:15:01.981380	-8.125	-8.9375	-6.75	26.8125	-36.3125	88.3125	42.75	-9.8125	1.9375	-28.0625	22.0	-8.25
11:15:01.991473	-6.25	-7.25	-5.8125	25.1875	-44.0	88.1875	45.3125	-12.5	1.8125	-31.8125	13.375	-12.375
11:15:02.001600	-6.25	-7.25	-5.8125	24.75	-43.0625	86.8125	45.3125	-12.5	1.8125	-31.8125	13.375	-12.375
11:15:02.011671	-2.0	-6.0625	-3.3125	23.75	-46.0625	86.125	48.4375	1.3125	2.5	-28.75	25.3125	-5.25
11:15:02.021770	0.1875	-5.8125	-1.875	23.875	-49.0	84.9375	51.75	12.625	2.375	-27.5625	25.4375	-4.5625
11:15:02.032421	2.4375	-5.4375	-0.3125	23.375	-52.375	83.875	54.1875	16.9375	2.125	-21.6875	15.0625	-1.6875
11:15:02.042660	3.6875	-4.625	1.4375	23.875	-50.3125	82.3125	56.8125	18.0	-0.5	-45.0	-71.5	5.25
11:15:02.052731	5.3125	-3.5625	3.875	24.0625	-45.875	80.6875	59.6875	21.8125	-2.0	-46.1875	-31.6875	5.375
11:15:02.062799	6.625	-2.375	6.75	25.375	-21.5625	74.125	60.8125	31.125	-1.3125	-46.1875	-31.6875	5.375
11:15:02.072884	7.625	-2.0625	9.5	25.375	-21.5625	74.125	66.5	41.125	1.0	-59.875	113.4375	26.875
11:15:02.082956	8.25	-2.5	10.75	21.5	13.8125	58.875	71.25	40.625	4.625	-70.125	12.25	-6.5625
11:15:02.093426	8.1875	-2.625	10.5625	21.5	13.8125	58.875	74.3125	30.3125	8.6875	-70.125	12.25	-6.5625
11:15:02.103819	7.375	-2.3125	10.8125	9.3125	30.875	44.625	81.0	18.875	12.75	-70.125	12.25	-6.5625
11:15:02.113919	6.3125	-0.75	10.5	3.9375	31.4375	39.6875	85.75	7.5	15.875	-70.125	12.25	-6.5625
11:15:02.124722	5.0625	1.375	10.5	-2.0	30.0	35.8125	91.25	1.0	17.25	-91.4375	-52.9375	-24.75
11:15:02.135300	4.5	2.875	10.375	-9.875	28.6875	32.0	98.0625	-1.5625	18.125	-98.375	-66.875	-29.625
11:15:02.145475	4.5	3.3125	9.8125	-15.75	26.6875	28.125	103.1875	-2.1875	18.1875	-98.375	-66.875	-29.625
11:15:02.155574	4.9375	2.625	8.9375	-21.25	23.4375	24.8125	108.0	-2.5625	18.0625	-98.375	-66.875	-29.625
11:15:02.165669	5.375	1.8125	8.6875	-25.3125	22.8125	21.3125	111.625	-0.1875	18.3125	-126.4375	-65.375	-23.125
11:15:02.175781	5.625	1.4375	9.0	-27.4375	25.1875	17.375	116.6875	7.375	18.125	-126.4375	-65.375	-23.125
11:15:02.186345	5.5625	2.1875	10.4375	-26.625	26.375	13.25	124.0	21.3125	17.4375	-145.9375	-67.5625	-20.25
11:15:02.196435	4.8125	4.75	12.9375	-23.5625	26.25	8.875	130.4375	38.0625	16.8125	-152.6875	-56.125	-12.4375
11:15:02.206509	4.0625	8.3125	14.125	-19.625	18.5625	3.8125	135.375	60.8125	18.125	-166.125	1.625	0.3125
11:15:02.216583	0.75	10.875	15.125	-16.375	9.125	-4.1875	138.5625	78.8125	22.1875	-167.375	-15.8125	-25.4375
11:15:02.226661	-5.75	18.375	18.625	-25.0	12.9375	-16.6875	141.125	63.375	25.9375	-167.375	-15.8125	-25.4375
11:15:02.236735	-12.3125	24.5625	22.5	-40.8125	10.5625	-29.5	152.5625	54.75	25.0	-167.375	-15.8125	-25.4375
11:15:02.246809	-15.875	20.1875	20.875	-52.5	10.625	-43.5	165.3125	76.75	20.1875	-197.125	-257.4375	-28.5
11:15:02.256878	-14.1875	3.0	14.1875	-66.3125	8.625	-59.8125	187.0625	169.8125	23.875	-197.125	-257.4375	-28.5
11:15:02.266980	-10.625	-23.625	3.3125	-79.125	4.1875	-76.3125	194.375	195.25	33.8125	-210.875	32.125	57.0
11:15:02.277077	-9.625	-38.375	-7.6875	-91.8125	-7.3125	-91.5	174.5625	159.125	43.375	-271.0625	268.125	66.6875
11:15:02.287515	-10.6875	-31.0	-13.125	-90.5	-26.8125	-103.9375	150.5	70.625	50.75	-286.5625	270.0	95.0
11:15:02.298025	-11.3125	-12.0	-15.0625	-79.25	-44.0625	-117.75	150.5	70.625	50.75	-229.8125	242.875	75.5
11:15:02.308137	-11.125	10.5	-16.875	-62.25	-41.0	-134.625	140.0625	-25.4375	44.1875	-229.8125	242.875	75.5
11:15:02.318234	-10.5	30.0	-19.5	-45.875	-19.1875	-150.8125	126.375	-7.375	40.4375	-229.8125	242.875	75.5
11:15:02.328369	-11.0	40.5	-20.875	-24.1875	10.8125	-161.3125	96.75	-14.9375	35.9375	-229.8125	242.875	75.5
11:15:02.338469	-11.6875	43.125	-20.25	-10.0	33.0625	-161.5625	70.25	-78.5625	30.375	-464.0625	-676.0625	-241.3125
11:15:02.348909	-11.4375	40.625	-18.25	-5.4375	49.375	-152.5	68.8125	-99.75	21.375	-359.4375	-928.25	-154.75
11:15:02.358999	-9.5	37.5625	-15.0	-10.625	55.75	-143.875	69.75	-72.625	11.0	41.8125	-543.75	-48.125
11:15:02.369103	-2.0	32.9375	-8.375	-24.0	49.3125	-140.375	48.625	-46.5	2.875	41.8125	-543.75	-48.125
11:15:02.379666	-2.0	32.9375	-8.375	-32.125	38.1875	-141.25	3.0625	-22.5625	-4.8125	305.5625	664.875	105.4375
11:15:02.389764	4.0	22.875	-6.5	-35.875	29.4375	-145.875	-40.6875	-17.875	-11.5	312.625	626.9375	142.125
11:15:02.400212	5.3125	16.125	-6.9375	-36.375	22.6875	-154.875	-72.75	-34.125	-17.25	254.875	212.0625	123.125
11:15:02.410312	6.125	11.4375	-7.875	-42.9375	13.875	-156.5	-96.5625	-46.0625	-24.0625	254.875	212.0625	123.125
11:15:02.420386	6.5625	9.8125	-9.1875	-38.6875	7.625	-154.25	-123.3125	-47.6875	-35.3125	254.875	212.0625	123.125
11:15:02.430966	6.8125	10.0625	-11.1875	-29.9375	14.5	-154.125	-147.0625	-54.375	-44.625	158.75	-237.125	-57.25
11:15:02.441108	6.5	10.875	-13.0	-24.8125	27.75	-151.1875	-170.4375	-56.875	-50.25	262.5	-187.875	-125.4375
11:15:02.451246	6.1875	11.6875	-14.375	-20.25	36.5625	-141.8125	-191.375	-56.625	-53.5	262.5	-187.875	-125.4375
11:15:02.461314	6.25	12.0625	-14.625	-14.125	25.75	-129.3125	-209.9375	-50.5625	-54.125	262.5	-187.875	-125.4375
11:15:02.471383	6.0	11.8125	-14.6875	-12.9375	6.0625	-115.1875	-229.6875	-40.9375	-53.8125	265.9375	335.4375	92.0
11:15:02.481462	5.8125	11.5	-14.1875	-9.75	-23.6875	-101.75	-247.5625	-27.5625	-53.75	281.4375	335.375	105.8125
11:15:02.491649	5.5	10.75	-12.9375	-6.1875	-49.5625	-89.0625	-263.8125	-14.25	-54.5	321.9375	189.3125	82.4375
11:15:02.501773	5.4375	9.5625	-12.0	-7.9375	-66.8125	-76.25	-276.9375	-0.5	-54.9375	321.9375	189.3125	82.4375
11:15:02.512371	5.3125	8.125	-10.875	-7.8125	-75.875	-65.25	-287.75	19.5625	-56.375	321.9375	189.3125	82.4375
11:15:02.522516	5.0625	6.875	-9.75	-7.0	-74.0625	-57.25	-299.875	41.8125	-57.1875	326.5	91.5625	41.875
11:15:02.532611	4.75	5.8125	-8.5625	-7.375	-63.6875	-50.0	-314.625	56.3125	-57.25	326.5	91.5625	41.875
11:15:02.542728	4.0	5.0	-7.125	-9.875	-26.125	-40.25	-324.4375	73.6875	-58.875	300.125	299.25	79.25
11:15:02.552850	3.1875	4.625	-5.5	-3.9375	-0.25	-38.4375	-331.625	81.875	-60.1875	304.8125	218.625	78.5625
11:15:02.563508	1.6875	4.5	-3.9375	7.1875	29.125	-31.375	-334.5625	80.0625	-60.0625	293.3125	112.9375	66.0625
11:15:02.573846	-0.3125	4.8125	-2.4375	12.5	47.0	-22.75	-335.4375	70.9375	-59.3125	293.3125	112.9375	66.0625
11:15:02.584587	-2.75	5.9375	-0.75	10.75	53.25	-14.0	-332.5	58.4375	-57.125	298.25	36.8125	61.125
11:15:02.594653	-4.9375	7.4375	1.375	6.6875	58.4375	-6.125	-325.8125	32.625	-51.6875	313.75	56.6875	66.125
11:15:02.604726	-6.5625	8.875	2.875	7.1875	53.8125	3.125	-315.0	-2.0625	-45.0	313.75	56.6875	66.125
11:15:02.614797	-8.25	9.625	4.375	13.75	48.5	11.5	-300.5625	-27.875	-39.125	313.75	56.6875	66.125
11:15:02.624865	-9.6875	10.1875	6.3125	20.0	44.9375	22.3125	-287.6875	-38.875	-34.5	313.75	56.6875	66.125
11:15:02.634992	-10.8125	11.125	7.8125	24.3125	37.125	28.125	-274.25	-36.1875	-31.6875	313.75	56.6875	66.125
11:15:02.645054	-11.75	12.25	8.9375	23.75	25.5	30.8125	-254.0625	-23.625	-29.5	313.75	56.6875	66.125
11:15:02.655130	-12.3125	12.625	9.8125	20.0625	1.125	29.5	-227.125	-5.875	-26.4375	313.75	56.6875	66.125
11:15:02.665225	-12.0	13.375	10.375	19.25	-15.4375	24.4375	-195.875	7.9375	-23.125	313.75	56.6875	66.125
11:15:02.675334	-11.125	12.9375	10.625	23.5	-11.5	15.125	-158.0625	18.5	-19.5	313.75	56.6875	66.125
11:15:02.685578	-9.4375	10.25	10.75	33.0625	-5.875	7.375	-112.6875	32.0625	-17.875	234.8125	21.25	26.8125
11:15:02.695663	-7.0625	5.875	10.6875	31.9375	-8.375	1.0	-68.1875	28.8125	-16.0	34.5	94.5	45.75
11:15:02.705782	-5.0	1.3125	9.5625	15.6875	-25.3125	-4.375	-23.4375	14.75	-13.25	34.5	94.5	45.75
11:15:02.716220	-3.9375	-2.125	8.5	0.9375	-48.6875	-9.125	22.0	1.5625	-10.375	34.5	94.5	45.75
11:15:02.726347	-3.375	-3.5	7.25	-9.5625	-67.625	-14.25	62.375	-6.5	-6.25	34.5	94.5	45.75
11:15:02.736431	-3.25	-2.9375	6.4375	-12.875	-71.75	-19.25	95.5625	-16.0625	-2.3125	34.5	94.5	45.75
11:15:02.746497	-3.0	-2.125	6.8125	-10.125	-49.875	-24.1875	121.8125	-27.3125	0.0625	34.5	94.5	45.75
11:15:02.756569	-2.9375	-2.125	8.0625	-0.0625	-5.5625	-24.8125	135.0625	-24.0	-1.875	34.5	94.5	45.75
11:15:02.766742	-2.0625	-1.0625	8.5625	32.625	52.25	-15.625	118.1875	30.1875	-13.375	-100.0	30.9375	-78.5625
11:15:02.777424	2.625	-0.3125	10.75	66.25	94.9375	9.6875	62.25	-16.8125	-8.1875	-211.625	-101.0	-85.375
11:15:02.787634	9.5625	-8.375	17.75	14.0	88.8125	31.375	105.875	-251.0625	17.5	-310.0	-182.0625	76.3125
11:15:02.797698	13.5625	-17.9375	23.5625	-1.25	128.125	18.9375	127.8125	-238.75	11.8125	-310.0	-182.0625	76.3125
11:15:02.808050	15.75	-16.8125	22.25	33.5	97.4375	6.5	121.5625	-122.9375	9.0625	-277.125	-466.0	19.75
11:15:02.818118	15.3125	-1.5625	13.25	42.0625	20.875	9.9375	102.375	-33.9375	9.1875	-277.125	-466.0	19.75
11:15:02.828222	11.6875	21.625	3.1875	18.1875	-41.375	20.375	106.375	3.9375	5.8125	-69.625	-248.6875	-51.125
11:15:02.838349	7.125	38.0625	-2.5	-13.5	-96.1875	27.875	107.25	8.1875	2.5	-8.8125	-158.8125	37.1875
11:15:02.848999	5.75	37.9375	-2.5625	-24.5	-88.5	40.0625	104.75	-9.875	2.75	78.125	-21.5	78.8125
11:15:02.859066	7.8125	21.0	-0.625	-19.25	-29.375	55.0	100.5625	-45.5	0.125	111.9375	63.5	91.0
11:15:02.869171	10.125	-3.9375	-0.3125	3.25	66.6875	68.1875	92.9375	-62.375	-7.75	28.375	158.5	70.875
11:15:02.879275	10.0625	-27.375	-4.0	20.25	153.5625	73.25	83.5625	-38.75	-16.625	-61.25	185.5	14.8125
11:15:02.889415	8.4375	-44.9375	-12.3125	38.4375	187.25	75.125	74.5	6.5	-20.1875	-115.0	171.4375	-46.8125
11:15:02.899518	8.4375	-44.9375	-12.3125	46.375	202.6875	78.0	74.5	6.5	-20.1875	-115.0	171.4375	-46.8125
11:15:02.909672	7.0	-41.5	-14.25	35.75	182.9375	79.125	70.875	65.125	-8.625	-112.3125	51.3125	-48.8125
11:15:02.919792	2.1875	-29.9375	-11.75	13.25	110.0625	76.1875	72.5625	58.3125	-0.625	-101.4375	-10.3125	31.875
11:15:02.930286	-0.6875	-23.5625	-8.5625	-9.3125	20.1875	75.5	70.8125	21.75	5.8125	-66.875	-29.5	76.4375
11:15:02.940560	-0.6875	-23.5625	-8.5625	-16.9375	-53.375	74.1875	68.6875	-15.3125	7.8125	-66.875	-29.5	76.4375
11:15:02.950628	-4.875	-11.3125	-3.1875	-17.1875	-107.6875	72.3125	66.875	-35.75	8.0	23.8125	24.125	36.875
11:15:02.960697	-6.25	-5.375	-1.25	-15.75	-126.5	74.9375	67.0625	-39.375	7.0	14.25	3.125	19.25
11:15:02.970770	-7.0625	-1.9375	-0.5	0.1875	-101.75	79.9375	66.5	-33.5	6.1875	-0.1875	-37.3125	-14.625
11:15:02.980874	-6.4375	-2.0	-1.375	18.25	-54.4375	87.8125	60.125	-22.125	4.5	-0.1875	-37.3125	-14.625
11:15:02.990992	-5.375	-4.75	-3.0625	25.6875	-7.125	95.4375	51.375	2.9375	1.6875	-32.8125	-97.1875	-13.1875
11:15:03.001112	-3.75	-8.75	-4.75	28.6875	29.8125	99.6875	46.625	35.4375	1.375	-56.125	-13.5	-8.625
11:15:03.011231	-2.1875	-12.25	-6.375	30.25	47.0625	101.0	42.6875	57.1875	2.6875	-56.125	-13.5	-8.625
11:15:03.021334	-0.75	-14.375	-7.75	30.625	47.0625	99.1875	39.125	60.5625	4.375	-40.6875	168.8125	35.0
11:15:03.031998	0.0	-14.75	-8.875	29.1875	28.6875	91.5	37.3125	43.125	5.3125	-12.5625	167.5625	49.875
11:15:03.042082	0.3125	-13.5625	-9.875	24.375	0.0625	82.625	38.25	17.75	6.3125	-14.1875	88.375	29.375
11:15:03.052158	-0.0625	-11.4375	-10.375	21.9375	-24.125	77.6875	39.4375	-4.1875	5.6875	-25.3125	-39.0625	-10.0
11:15:03.062230	-1.125	-8.875	-10.0625	22.0	-34.875	76.25	41.0	-8.1875	4.25	-28.8125	-95.4375	-36.3125
11:15:03.072308	-1.8125	-6.625	-9.3125	20.5	-34.625	78.5625	41.625	4.125	3.625	-20.6875	-74.375	-30.875
11:15:03.082381	-2.125	-4.5	-8.75	20.1875	-27.875	83.5625	41.5625	21.125	3.75	-22.9375	12.125	-5.875
11:15:03.092467	-2.3125	-2.6875	-8.25	26.1875	-20.0625	87.6875	42.25	31.5625	4.4375	-31.75	93.1875	14.8125
11:15:03.102555	-2.3125	-1.5625	-7.75	29.9375	-17.375	92.1875	43.625	32.375	5.25	-34.375	115.5	18.9375
11:15:03.112644	-2.0625	-1.3125	-7.0625	30.4375	-19.25	94.8125	46.5	24.1875	6.25	-31.0625	76.75	7.4375
11:15:03.122761	-2.0625	-1.3125	-7.0625	28.375	-27.25	95.125	48.6875	11.8125	6.875	-31.0625	76.75	7.4375
11:15:03.133240	-1.1875	-1.4375	-6.0625	26.125	-35.3125	93.3125	50.9375	4.6875	7.3125	-29.1875	-16.625	-11.5625
11:15:03.143338	0.6875	-3.3125	-3.3125	18.0625	-55.3125	91.8125	53.125	3.75	7.8125	-31.0	31.3125	-0.9375
11:15:03.154058	1.875	-3.6875	-2.4375	16.3125	-53.0625	88.5625	54.8125	3.25	8.0	-34.5	36.4375	0.5
11:15:03.164160	3.875	-4.25	-2.125	16.0	-45.9375	85.5625	56.75	4.9375	7.5	-32.375	19.6875	3.6875
11:15:03.174772	4.8125	-4.1875	-1.625	15.25	-38.875	82.0625	59.4375	6.6875	7.0	-31.625	-120.9375	8.4375
11:15:03.184846	6.3125	-3.5	-1.4375	17.6875	-27.75	77.5625	60.4375	3.1875	5.125	-42.875	30.875	20.5
11:15:03.194996	7.625	-2.6875	-0.6875	18.8125	-13.5	72.9375	65.9375	13.5	0.625	-57.0625	147.9375	45.5
11:15:03.205068	8.6875	-1.5625	-0.6875	22.125	-4.3125	68.3125	64.6875	14.75	-1.4375	-55.8125	142.5625	34.375
11:15:03.215159	9.5	-0.875	-1.1875	27.0	1.125	62.875	66.25	27.5	0.0625	-58.0	67.125	21.0
11:15:03.225228	9.9375	-0.75	-2.5	22.875	7.0625	56.1875	72.5	35.25	1.6875	-66.8125	37.3125	-3.5
11:15:03.235330	9.25	0.125	-3.875	17.125	12.6875	50.25	73.375	28.25	4.125	-72.0625	7.75	-13.875
11:15:03.245798	8.5625	1.9375	-4.375	10.375	20.1875	45.0	75.875	22.5625	8.0625	-72.0625	7.75	-13.875
11:15:03.255866	7.6875	4.25	-4.125	5.3125	28.625	39.8125	82.375	17.125	12.25	-76.375	-17.375	-19.25
11:15:03.265957	6.5	6.5	-3.375	-0.8125	34.6875	35.875	86.6875	7.1875	15.3125	-88.1875	-33.75	-23.25
11:15:03.276053	5.5	7.8125	-2.5	-6.0625	39.375	32.0	90.25	1.3125	17.125	-95.75	-48.5	-26.125
11:15:03.286659	5.25	8.375	-1.625	-9.6875	41.25	28.875	95.875	-0.5625	18.375	-104.1875	-47.875	-26.4375
11:15:03.297099	5.625	8.0	-0.4375	-13.4375	38.0	26.125	101.6875	1.5625	18.5625	-112.4375	-43.375	-24.4375
11:15:03.307190	6.375	7.875	0.25	-16.125	31.75	23.375	108.0625	7.6875	18.5625	-121.4375	-43.0	-23.75
11:15:03.317315	7.125	9.0	0.8125	-18.8125	25.0	19.875	120.3125	21.0625	18.25	-131.1875	-43.375	-19.125
11:15:03.327432	8.0	11.1875	1.0	-19.0625	17.5	15.4375	128.8125	34.5625	19.5	-143.8125	-3.9375	-12.3125
11:15:03.337610	7.8125	14.5	-0.6875	-16.8125	13.5	8.25	138.8125	57.0	24.125	-156.5	22.875	-24.375
11:15:03.348088	2.9375	16.6875	-2.625	-14.375	8.125	-2.0	141.125	41.6875	28.0	-175.125	-172.3125	-61.5
11:15:03.358193	-5.75	22.9375	-0.6875	-17.125	13.125	-14.75	154.0625	26.25	26.3125	-190.4375	-287.4375	-55.3125
11:15:03.368358	-14.625	28.375	3.4375	-31.5625	17.8125	-27.5625	164.625	31.125	20.4375	-202.25	-192.5625	-19.25
11:15:03.378508	-19.9375	22.6875	4.5625	-43.9375	16.5	-38.5	177.375	71.0625	15.3125	-234.75	-79.25	18.6875
11:15:03.388639	-18.5625	3.25	1.125	-60.3125	14.4375	-49.1875	193.125	132.3125	14.6875	-247.0	21.875	31.375
11:15:03.399181	-14.0625	-26.75	-6.8125	-73.375	9.875	-61.0625	197.25	171.3125	22.5625	-220.9375	115.9375	18.6875
11:15:03.409281	-11.0625	-46.375	-16.625	-84.125	-0.375	-73.875	197.5	181.75	35.875	-251.5625	165.5625	25.5
11:15:03.419348	-8.875	-31.125	-22.875	-99.25	-5.3125	-89.5625	192.6875	162.625	47.3125	-314.25	54.5625	57.5
11:15:03.429424	-7.6875	-9.6875	-23.3125	-102.5	-21.25	-102.75	169.625	91.1875	57.6875	-326.0	-34.375	56.8125
11:15:03.439602	-5.8125	12.125	-24.4375	-82.5	-46.375	-112.9375	117.5	-0.375	59.875	-317.9375	-11.125	-25.1875
11:15:03.449743	-4.9375	29.125	-25.875	-57.1875	-48.25	-128.0625	95.375	-30.8125	54.5625	-304.0	-108.5	-136.1875
11:15:03.460409	-5.625	37.5	-26.25	-42.875	-23.5625	-145.0625	84.8125	-38.5	44.75	-319.5625	-348.8125	-235.75
11:15:03.470479	-6.625	38.25	-25.125	-25.375	16.625	-158.75	80.1875	-75.75	39.625	-321.875	-710.6875	-250.875
11:15:03.480590	-6.625	38.25	-25.125	-10.875	44.1875	-158.125	80.1875	-75.75	39.625	-91.25	-800.5	-120.3125
11:15:03.490666	-8.125	28.9375	-16.875	0.5625	64.125	-147.1875	75.1875	-95.5	23.375	187.75	-177.75	-35.6875
11:15:03.500785	-7.75	23.125	-11.5	0.75	72.8125	-136.0	54.375	-74.8125	11.3125	167.3125	389.9375	53.8125
11:15:03.510851	-6.25	16.375	-7.125	-9.375	57.9375	-130.5	12.8125	-57.3125	3.1875	179.1875	594.1875	132.125
11:15:03.521337	-6.25	16.375	-7.125	-24.3125	28.375	-131.25	12.8125	-57.3125	3.1875	191.5625	467.875	144.5625
11:15:03.531473	-3.875	9.1875	-4.8125	-30.25	0.75	-135.0	-25.6875	-46.3125	-3.5625	196.9375	120.125	129.875
11:15:03.541548	-1.9375	2.875	-4.0625	-43.8125	-20.25	-135.875	-86.8125	-51.5625	-17.125	164.5	-25.5625	10.8125
11:15:03.551917	-0.6875	-1.0625	-6.625	-55.125	-42.9375	-134.125	-111.375	-53.875	-24.0	147.1875	-56.0	-107.8125
11:15:03.561989	-0.625	-0.125	-8.625	-53.75	-48.6875	-136.3125	-136.4375	-53.5	-30.3125	197.625	-113.9375	-119.125
11:15:03.572067	-0.4375	1.9375	-10.3125	-48.625	-29.0625	-138.8125	-158.8125	-60.75	-32.375	220.9375	-29.75	-72.5625
11:15:03.582195	0.1875	3.5625	-11.5	-39.3125	-4.25	-136.6875	-178.375	-61.25	-31.6875	210.4375	173.125	-8.5
11:15:03.592262	1.0625	4.0	-12.25	-27.8125	8.875	-129.625	-197.4375	-48.5625	-31.25	234.9375	255.4375	55.1875
11:15:03.602346	1.5625	3.875	-11.75	-19.8125	6.25	-118.75	-215.4375	-25.1875	-31.3125	250.125	272.5	79.25
11:15:03.612410	2.0625	3.25	-10.1875	-14.5625	-11.5	-108.625	-232.4375	-5.375	-33.1875	274.5	198.375	60.625
11:15:03.622485	2.0625	3.0	-7.875	-9.4375	-36.25	-97.375	-247.0625	6.375	-35.625	289.0	84.25	30.875
11:15:03.632554	2.0	3.125	-5.8125	-10.0625	-59.625	-86.625	-258.4375	17.375	-38.1875	287.8125	46.125	13.6875
11:15:03.642624	1.625	3.3125	-4.4375	-8.6875	-78.1875	-77.875	-268.9375	25.8125	-42.0625	294.8125	86.375	28.25
11:15:03.652730	1.5625	4.0	-4.3125	-14.5625	-86.625	-72.25	-279.6875	37.4375	-45.6875	291.0625	161.875	52.125
11:15:03.662798	1.4375	5.8125	-4.5	-17.75	-80.6875	-68.1875	-290.125	49.75	-48.0625	285.125	212.75	63.3125
11:15:03.672965	1.5	8.0	-5.25	-22.3125	-28.25	-60.75	-299.6875	55.875	-49.5625	297.5	209.75	66.1875
11:15:03.683051	1.1875	9.9375	-5.3125	-9.25	14.75	-58.1875	-306.8125	57.3125	-50.3125	306.5625	110.25	68.0625
11:15:03.693121	0.5	11.0	-4.375	5.3125	49.1875	-52.1875	-313.0625	56.625	-50.25	305.25	63.875	72.375
11:15:03.703204	-0.625	12.0	-3.5	11.4375	69.25	-45.125	-318.0625	50.9375	-50.625	294.1875	56.875	62.0
11:15:03.713316	-2.125	12.1875	-1.875	14.9375	78.1875	-37.0625	-321.1875	44.0625	-51.25	290.5	65.0	48.0
11:15:03.723956	-3.75	11.9375	0.125	14.375	73.0	-25.8125	-320.3125	40.75	-51.25	290.5	65.0	48.0
11:15:03.734052	-5.5	11.5625	2.625	18.0	67.875	-14.375	-318.75	35.0625	-48.0	305.5625	82.625	69.5625
11:15:03.744141	-6.625	10.5	5.5	24.875	54.25	-1.625	-310.0	25.0	-45.6875	288.3125	85.0	77.0
11:15:03.754291	-8.1875	8.75	9.0	27.5625	37.6875	12.9375	-297.6875	13.3125	-43.875	251.0625	84.75	57.375
11:15:03.764856	-9.625	5.875	12.3125	24.1875	18.125	24.4375	-284.4375	7.3125	-43.5625	205.625	79.5625	37.125
11:15:03.774924	-10.4375	3.875	15.25	18.8125	1.8125	28.8125	-267.8125	6.0	-43.375	190.6875	84.125	32.375
11:15:03.785001	-10.4375	2.4375	17.0	10.5	-10.75	29.875	-242.25	12.5	-40.5	158.3125	74.0625	35.3125
11:15:03.795124	-9.6875	1.9375	17.5625	7.625	-22.25	29.25	-210.9375	19.375	-34.5	158.3125	74.0625	35.3125
11:15:03.805427	-7.9375	0.625	17.6875	7.625	-22.25	29.25	-210.9375	19.375	-34.5	158.3125	74.0625	35.3125
11:15:03.815539	-6.125	-0.9375	17.6875	25.8125	0.0625	13.75	-128.0	9.3125	-19.875	59.375	-61.75	23.9375
11:15:03.825861	-6.25	-3.0625	16.75	40.4375	14.625	4.625	-77.6875	-2.5	-14.8125	12.25	-17.625	13.0625
11:15:03.835932	-6.6875	-5.3125	15.625	40.0	12.375	-3.5625	-29.8125	-19.5	-10.4375	-35.9375	0.1875	3.1875
11:15:03.846007	-6.375	-6.8125	14.625	25.0625	-15.5	-9.875	16.8125	-33.375	-6.9375	-67.625	-37.75	-22.0
11:15:03.856090	-6.0	-6.5625	13.875	7.4375	-54.5625	-14.875	60.0	-42.5625	-3.25	-31.9375	-16.75	-67.8125
11:15:03.866161	-5.875	-5.625	13.5	-5.9375	-82.5	-19.125	96.5	-47.0	0.5	-114.125	-82.0	-140.625
11:15:03.876240	-5.75	-4.1875	12.4375	-12.5625	-83.25	-23.0	122.875	-39.0	0.5	-66.9375	-372.625	-172.875
11:15:03.886750	-4.1875	-0.75	9.5	-2.25	-43.75	-24.625	84.0625	27.375	-15.8125	-177.75	-134.875	-144.9375
11:15:03.896853	2.625	0.9375	8.75	45.75	30.0	-13.75	84.0625	27.375	-15.8125	-300.5625	-75.9375	-188.3125
11:15:03.906996	11.875	-10.5	17.0625	26.0625	52.5	13.125	126.5625	-243.75	28.125	-212.6875	-336.9375	-5.75
11:15:03.917095	17.0	-24.375	25.5	-13.25	86.0625	3.875	141.375	-265.1875	24.1875	-278.0	-392.5625	56.0
11:15:03.927708	18.9375	-20.6875	23.6875	16.0625	109.9375	-18.8125	142.3125	-165.9375	19.625	-295.4375	-445.75	36.1875
11:15:03.937851	11.75	40.375	1.5625	66.0625	12.8125	-8.5	125.125	-53.6875	12.0625	-179.4375	-453.1875	-21.125
11:15:03.947962	8.9375	54.0	-1.5625	18.125	-55.125	15.375	119.6875	-21.3125	5.4375	-111.0625	-233.6875	-41.5
11:15:03.958044	8.875	40.0	1.3125	-30.9375	-111.4375	26.8125	127.9375	-23.1875	4.625	-27.125	-100.5625	14.0
11:15:03.968711	8.6875	10.9375	2.0	-37.0	-75.25	32.375	121.5625	-51.125	3.875	120.5	-53.875	69.0
11:15:03.978861	7.5	-20.0	-1.375	-6.5	-17.3125	44.4375	111.0625	-85.625	-2.875	114.75	101.125	76.25
11:15:03.989028	5.125	-42.875	-7.0625	9.375	61.0	54.25	103.4375	-73.625	-11.5	-5.4375	212.0	45.75
11:15:03.999713	4.0625	-52.625	-11.0	22.5625	145.375	61.3125	91.75	-19.125	-18.6875	-105.1875	185.875	15.3125
11:15:04.009798	3.875	-51.6875	-12.9375	38.8125	191.0625	66.8125	84.875	46.0	-17.125	-142.625	150.9375	-41.125
11:15:04.019872	3.1875	-46.25	-13.6875	48.0	208.875	74.0625	83.5	78.1875	-10.125	-128.4375	134.375	-77.8125
11:15:04.029943	1.5	-41.75	-11.5	41.625	198.375	79.125	77.375	55.0625	-1.0625	-105.4375	49.5	-41.625
11:15:04.040010	-0.8125	-38.75	-7.6875	17.375	133.75	80.4375	71.8125	4.6875	6.0625	-116.25	-50.6875	19.8125
11:15:04.050084	-2.8125	-34.4375	-4.125	-5.3125	41.8125	79.1875	73.3125	-30.9375	9.5	-65.8125	-86.0	67.75
11:15:04.060165	-4.0	-27.6875	-1.6875	-15.625	-43.5	76.875	74.5	-49.25	11.875	47.9375	-79.25	65.75
11:15:04.070283	-4.875	-20.0	0.625	-21.0625	-98.6875	77.125	72.5	-67.0625	11.9375	80.375	-64.625	51.0625
11:15:04.080362	-5.125	-13.0	2.375	-20.6875	-121.0625	82.4375	70.9375	-70.5625	7.8125	36.8125	-68.625	20.875
11:15:04.090433	-4.75	-9.6875	3.0625	-8.8125	-104.125	92.25	67.0	-47.375	2.8125	-28.625	-92.9375	-44.1875
11:15:04.100885	-3.875	-10.1875	2.25	7.5	-60.0	100.0	58.3125	-3.5	-0.375	-28.625	-92.9375	-44.1875
11:15:04.111301	-3.25	-12.625	0.5625	15.875	-13.125	102.875	50.1875	38.4375	0.0625	-108.25	23.4375	-36.875
11:15:04.121397	-2.875	-15.375	-1.4375	21.3125	24.9375	102.375	45.0	54.75	3.3125	-71.6875	135.5	4.25
11:15:04.131475	-2.6875	-17.125	-3.25	24.125	50.5625	101.875	42.0625	46.0	6.0625	-32.3125	215.3125	63.6875
11:15:04.141547	-2.8125	-18.25	-4.5	22.875	49.6875	98.0625	41.4375	21.6875	6.75	-6.375	225.9375	76.375
11:15:04.151620	-2.5625	-18.4375	-5.1875	20.3125	29.375	90.5	41.5	0.25	6.0625	-23.375	126.125	27.0
11:15:04.161702	-2.25	-18.25	-5.9375	17.6875	0.625	84.625	41.375	-10.4375	5.25	-44.0	-44.5	-29.1875
11:15:04.171768	-1.9375	-17.4375	-5.8125	16.5625	-19.4375	81.0625	42.0625	-3.625	3.9375	-31.0625	-135.375	-53.0625
11:15:04.181842	-1.5	-16.25	-5.75	15.9375	-26.25	80.8125	42.375	10.0	3.375	-10.125	-129.5	-42.9375
11:15:04.191916	-1.5625	-14.75	-5.875	16.9375	-26.4375	84.5625	40.4375	24.0	3.4375	-19.25	-22.625	-16.5
11:15:04.202039	-1.875	-13.375	-5.875	22.3125	-22.625	90.125	39.1875	34.875	3.875	-19.25	-22.625	-16.5
11:15:04.212122	-2.125	-12.0	-5.8125	25.875	-22.8125	95.6875	37.9375	34.375	5.1875	-35.4375	167.75	30.5625
11:15:04.222187	-2.125	-11.25	-5.25	26.9375	-27.125	98.8125	37.0625	24.625	5.3125	-30.625	132.125	18.125
11:15:04.232260	-1.375	-10.9375	-4.4375	26.6875	-34.5625	100.25	37.4375	15.3125	4.5	-24.0	30.5	-6.875
11:15:04.242330	-0.1875	-11.3125	-3.6875	24.875	-41.6875	101.5625	37.6875	9.9375	3.625	-16.5625	-71.9375	-19.5625
11:15:04.252402	1.6875	-10.9375	-3.5	22.0625	-48.0625	101.0	38.4375	11.0	1.5	-6.3125	-162.125	-13.4375
11:15:04.262485	3.875	-9.9375	-2.75	19.0625	-53.1875	99.625	37.6875	14.5	-2.0625	-23.125	-40.0	-0.1875
11:15:04.272568	6.25	-8.4375	-1.8125	16.5	-59.1875	98.625	36.5	22.25	-3.6875	-44.1875	100.5625	32.0625
11:15:04.282640	9.0	-6.5	-0.0625	16.875	-59.875	96.0	38.6875	34.1875	-3.75	-52.5	174.75	46.875
11:15:04.292728	10.9375	-5.0	2.0625	22.3125	-56.8125	92.5625	40.1875	39.75	-3.6875	-50.5625	172.1875	47.5625
11:15:04.302840	12.125	-3.4375	4.375	26.5	-52.8125	88.5	44.5625	41.5625	-1.5625	-50.5625	172.1875	47.5625
11:15:04.312958	12.25	-2.125	7.125	31.4375	-31.5	79.1875	49.125	39.5	1.875	-57.6875	41.25	0.6875
11:15:04.323026	11.875	-1.1875	10.625	31.4375	-31.5	79.1875	53.8125	34.25	7.125	-59.9375	-8.6875	-11.6875
11:15:04.333191	11.0625	-0.375	13.5	21.625	-3.4375	72.9375	58.9375	25.9375	11.9375	-62.8125	-4.25	-10.375
11:15:04.343316	10.125	-0.375	14.0	15.4375	4.0625	69.75	63.9375	15.8125	16.4375	-69.375	-36.3125	-18.75
11:15:04.353420	9.9375	-0.625	12.5625	10.625	3.0	67.125	69.375	5.125	19.75	-74.8125	-56.5625	-27.3125
11:15:04.363546	9.5	-0.9375	11.0625	6.625	-2.75	63.0	76.1875	-4.0625	21.9375	-81.0	-58.6875	-30.5
11:15:04.373614	8.875	-1.5625	9.0625	3.375	-7.8125	56.75	82.875	-11.8125	23.5625	-88.3125	-61.375	-32.4375
11:15:04.384053	7.9375	-2.5625	7.8125	0.9375	-12.25	50.125	90.3125	-15.0	24.375	-97.0625	-69.8125	-36.625
11:15:04.394231	7.5625	-4.25	6.8125	-1.4375	-13.5	42.9375	98.5625	-15.1875	24.8125	-97.0625	-69.8125	-36.625
11:15:04.404356	7.75	-6.0	7.1875	-1.4375	-13.5	42.9375	98.5625	-15.1875	24.8125	-97.0625	-69.8125	-36.625
11:15:04.414482	7.75	-6.0	7.1875	-10.0	-10.5625	28.125	115.75	-8.625	25.25	-117.1875	-81.375	-38.375
11:15:04.424608	9.3125	-7.5625	8.6875	-16.4375	-4.875	19.3125	124.625	-1.625	24.75	-128.125	-74.75	-29.25
11:15:04.434682	9.5	-6.4375	9.5	-26.875	11.1875	0.625	133.75	10.0625	24.0	-152.625	0.4375	-9.375
11:15:04.445006	7.75	-5.1875	8.6875	-26.5625	15.125	-10.5625	140.375	27.6875	24.375	-163.0	54.875	-17.75
11:15:04.455115	0.625	-1.0	10.0625	-24.1875	18.9375	-23.5	147.25	45.625	27.4375	-173.8125	-108.0	-49.5
11:15:04.465249	-10.25	7.4375	15.125	-35.6875	15.1875	-35.0625	153.375	32.1875	28.75	-194.3125	-270.125	-43.8125
11:15:04.475383	-18.5	9.75	18.875	-49.0625	11.0	-47.1875	167.3125	26.4375	25.125	-196.25	-280.75	-42.9375
11:15:04.485830	-20.3125	-0.625	18.8125	-66.1875	6.25	-58.5625	175.4375	37.25	17.75	-185.0625	-242.625	-13.8125
11:15:04.495903	-14.8125	-26.9375	11.6875	-81.25	-0.5	-69.625	198.9375	147.5	11.1875	-185.0625	-242.625	-13.8125
11:15:04.506054	-9.75	-48.625	-0.5625	-94.5625	-8.375	-82.25	198.9375	147.5	11.1875	-253.75	119.875	68.25
11:15:04.516193	-7.8125	-43.875	-8.625	-106.75	-12.75	-98.625	206.4375	224.375	33.9375	-258.3125	303.625	83.5625
11:15:04.526309	-6.5625	-23.875	-10.8125	-105.0	-25.6875	-111.6875	182.4375	166.6875	48.75	-292.6875	316.3125	112.125
11:15:04.536904	-5.75	-0.3125	-12.6875	-84.375	-37.375	-125.625	148.0625	58.625	56.5	-286.875	286.1875	45.875
11:15:04.546974	-5.75	19.875	-17.125	-64.875	-27.625	-145.9375	128.125	-3.0	51.75	-205.9375	92.375	-62.0
11:15:04.557067	-8.6875	40.125	-24.4375	-47.9375	8.0625	-165.6875	124.375	-16.3125	45.75	-291.1875	-133.1875	-123.3125
11:15:04.567206	-8.6875	40.125	-24.4375	-23.4375	46.625	-177.375	105.0625	-19.75	37.875	-475.5	-379.0625	-209.9375
11:15:04.577277	-10.75	37.375	-19.375	-0.5625	70.625	-171.25	81.9375	-72.75	31.0	-480.375	-711.125	-222.0
11:15:04.587379	-9.5	33.4375	-14.5625	13.4375	87.75	-155.8125	72.5625	-112.1875	23.25	-259.3125	-833.4375	-154.625
11:15:04.597879	-9.5	33.4375	-14.5625	8.5625	86.8125	-142.75	72.5625	-112.1875	23.25	-259.3125	-833.4375	-154.625
11:15:04.608005	-6.5	30.0625	-10.0625	8.5625	86.8125	-142.75	64.6875	-92.8125	12.75	-259.3125	-833.4375	-154.625
11:15:04.618432	-3.0625	26.3125	-6.1875	-7.3125	67.0625	-138.9375	40.125	-68.25	6.625	294.8125	165.3125	-60.125
11:15:04.628544	0.375	21.0625	-4.0	-30.0	24.1875	-147.0	-2.0	-48.5	2.1875	297.9375	473.9375	55.25
11:15:04.638618	3.125	14.8125	-3.5	-47.375	4.5625	-147.0625	-45.125	-47.6875	-2.5	297.9375	473.9375	55.25
11:15:04.649031	4.9375	8.875	-5.0	-49.5625	-21.0625	-145.75	-102.125	-62.375	-12.3125	297.9375	473.9375	55.25
11:15:04.659104	5.125	10.125	-6.625	-37.9375	-26.1875	-148.0	-128.6875	-64.5	-22.6875	297.9375	473.9375	55.25
11:15:04.669557	5.125	10.125	-6.625	-27.5	-13.0	-149.4375	-157.1875	-65.25	-34.3125	151.5625	-175.1875	-74.75
11:15:04.679622	4.875	14.0	-10.875	-16.625	1.6875	-144.375	-181.25	-64.5625	-40.875	227.4375	-181.1875	-134.4375
11:15:04.689691	4.625	15.0	-12.1875	-10.3125	5.1875	-130.625	-201.625	-66.125	-44.9375	273.0	-105.3125	-73.75
11:15:04.700114	4.0625	14.5	-12.9375	-6.5625	-9.3125	-115.8125	-219.25	-65.0	-47.0	273.0	-105.3125	-73.75
11:15:04.710236	4.0	13.25	-12.75	-5.0	-33.8125	-101.3125	-237.9375	-56.25	-48.75	289.6875	280.875	52.4375
11:15:04.720405	3.3125	11.75	-12.25	-9.0	-59.125	-87.8125	-256.1875	-42.5625	-50.125	314.8125	323.1875	90.3125
11:15:04.731007	2.9375	9.9375	-11.0625	-7.5625	-76.8125	-76.6875	-271.5625	-28.125	-50.875	325.3125	292.6875	80.8125
11:15:04.741084	2.875	8.0	-10.125	-8.25	-85.6875	-66.5625	-285.0625	-5.25	-50.875	338.625	202.25	66.75
11:15:04.751187	2.9375	6.3125	-9.5	-11.25	-83.375	-58.625	-297.8125	18.0	-50.3125	332.0625	134.1875	44.25
11:15:04.761264	2.75	5.5	-8.875	-11.0625	-71.0625	-51.1875	-309.0	42.9375	-50.8125	320.375	115.125	32.0625
11:15:04.771365	2.8125	5.4375	-8.125	-14.125	-50.1875	-45.375	-321.25	58.8125	-51.3125	325.3125	144.125	34.1875
11:15:04.781436	2.625	6.0625	-6.8125	-14.6875	-18.625	-42.3125	-330.8125	61.0	-51.4375	331.125	181.625	39.625
11:15:04.791527	2.0625	7.625	-5.5625	-7.5	13.375	-37.5	-338.625	65.375	-51.4375	340.125	203.9375	53.6875
11:15:04.801637	0.875	9.375	-4.3125	0.3125	35.3125	-29.9375	-343.9375	67.625	-52.0	340.125	203.9375	53.6875
11:15:04.811707	-0.6875	10.75	-3.0	5.125	60.9375	-21.6875	-349.4375	66.125	-51.9375	342.375	185.0	75.875
11:15:04.821790	-2.4375	11.5	-0.8125	12.5	77.875	-13.0	-350.9375	60.8125	-49.5	325.75	172.25	77.75
11:15:04.831858	-4.5	11.375	2.5	19.1875	88.0625	-3.625	-343.5625	51.75	-44.875	326.8125	146.375	87.4375
11:15:04.841928	-6.3125	10.5	5.625	23.8125	80.375	7.0625	-324.75	42.9375	-40.9375	326.875	123.4375	89.9375
11:15:04.851996	-8.0	9.125	8.25	25.4375	67.5	18.9375	-307.3125	22.125	-37.4375	299.6875	90.4375	79.9375
11:15:04.862083	-10.0625	8.0	10.125	21.0	51.8125	28.1875	-287.875	3.1875	-36.4375	299.6875	90.4375	79.9375
11:15:04.872164	-11.75	7.5625	12.125	11.0	31.8125	32.75	-265.125	-6.625	-36.4375	216.625	-13.1875	28.625
11:15:04.882234	-12.4375	9.125	13.4375	3.6875	12.125	30.3125	-237.3125	-10.1875	-34.375	197.25	-27.625	15.375
11:15:04.892309	-12.25	10.75	13.4375	7.4375	-1.375	20.8125	-204.9375	-10.3125	-30.875	171.5625	-8.6875	26.125
11:15:04.902834	-10.9375	11.0	13.5	18.5625	-2.4375	6.875	-165.5625	2.875	-25.1875	171.5625	-8.6875	26.125
11:15:04.912936	-9.4375	10.6875	13.75	58.5625	10.3125	-13.625	-118.9375	24.5	-21.625	115.0625	55.125	59.375
11:15:04.923277	-8.6875	8.75	13.375	58.5625	10.3125	-13.625	-71.875	24.3125	-17.375	72.375	52.4375	44.0
11:15:04.933371	-7.625	6.1875	12.4375	24.75	-26.875	-22.1875	-23.5	5.25	-13.75	-50.375	-30.375	-2.625
11:15:04.943474	-6.125	4.0	11.6875	-1.0	-64.0	-24.0	25.0625	-19.6875	-11.5625	-100.25	-58.875	-19.1875
11:15:04.953587	-5.0625	2.625	10.9375	-22.9375	-97.125	-22.1875	67.6875	-36.75	-8.9375	-126.875	-84.75	-28.625
11:15:04.963708	-4.3125	1.375	10.5625	-34.875	-105.875	-22.5625	102.3125	-46.3125	-5.3125	-132.6875	-108.875	-31.625
11:15:04.974411	-4.3125	-0.875	11.0625	-33.375	-72.75	-24.125	130.125	-51.875	-1.625	-101.75	-69.75	-43.8125
11:15:04.985002	-5.375	-4.75	12.25	-7.0	-12.9375	-22.3125	147.6875	-58.75	1.5625	-154.5	-1.0	-103.125
11:15:04.995216	-5.625	-9.625	13.6875	37.4375	48.625	-15.25	152.125	-58.0	1.875	-19.5625	-469.9375	-231.9375
11:15:05.005374	-3.625	-12.4375	13.3125	97.625	92.5	8.3125	41.1875	15.625	-10.0625	124.3125	-428.625	-231.6875
11:15:05.015526	3.6875	-18.5	15.875	89.0625	98.125	51.25	11.125	-185.875	19.75	-116.4375	-74.6875	-155.1875
11:15:05.026030	10.875	-33.0625	22.1875	8.375	87.6875	65.1875	11.125	-185.875	19.75	-116.4375	-74.6875	-155.1875
11:15:05.036168	10.875	-33.0625	22.1875	8.375	87.6875	65.1875	91.3125	-277.5625	20.6875	-116.4375	-74.6875	-155.1875
11:15:05.046274	13.25	-43.6875	24.8125	-19.125	-12.75	26.1875	137.75	-301.75	9.4375	-336.5	-479.25	78.25
11:15:05.056367	12.8125	-36.9375	19.75	23.25	-59.9375	11.0625	109.8125	-42.875	6.8125	-103.625	-183.125	-92.5
11:15:05.066921	8.8125	-14.3125	8.875	27.5625	-92.625	7.5	118.4375	39.25	4.8125	-66.8125	-24.5	-23.625
11:15:05.076998	3.3125	10.9375	-1.5625	-12.5625	-124.5	15.6875	117.5	46.9375	3.3125	-53.5	-37.25	5.5
11:15:05.087064	1.1875	23.5	-6.4375	-35.9375	-94.8125	35.125	113.0	21.0625	5.875	29.375	-32.5625	76.625
11:15:05.097476	3.125	15.25	-5.9375	-2.625	-2.0	60.625	105.9375	-41.0625	3.3125	103.0	-78.375	124.1875
11:15:05.107549	6.8125	-6.625	-5.6875	4.25	108.0	78.625	97.0	-72.6875	-3.75	41.4375	20.0625	64.5
11:15:05.117679	12.0625	-44.1875	-10.8125	15.3125	185.25	80.0625	85.3125	-47.3125	-10.9375	-64.5	86.75	-18.1875
11:15:05.127798	13.1875	-49.125	-12.375	50.75	216.125	78.8125	77.375	-2.5	-11.75	-145.6875	124.375	-72.25
11:15:05.137866	12.25	-46.8125	-10.8125	55.0625	223.25	81.1875	75.0625	36.125	-6.75	-140.1875	132.375	-64.0
11:15:05.147954	9.5625	-42.3125	-9.75	32.0	174.25	82.5	73.3125	47.9375	-1.1875	-96.125	99.0	-38.5625
11:15:05.158044	5.9375	-38.125	-7.125	0.5	74.1875	85.5	70.6875	26.8125	5.625	-71.625	40.6875	10.125
11:15:05.168544	1.75	-34.8125	-3.625	-15.0	-19.25	83.3125	67.5	-7.5	9.375	-51.75	-21.8125	44.1875
11:15:05.179117	-2.9375	-30.625	-0.4375	-15.5	-86.25	78.9375	65.1875	-33.0625	10.3125	-1.0	-66.5625	46.25
11:15:05.189259	-6.3125	-23.625	0.8125	-17.4375	-130.8125	77.5625	64.125	-43.0	10.1875	24.4375	-57.1875	20.5625
11:15:05.199334	-8.6875	-15.5625	2.625	-7.0	-130.25	82.5625	63.0625	-47.4375	9.25	-2.6875	-49.4375	-4.125
11:15:05.209403	-10.0	-9.0625	3.875	16.875	-91.75	90.1875	58.5625	-47.5	7.5625	-34.8125	-55.5625	-17.375
11:15:05.219478	-9.9375	-7.0625	4.125	29.625	-41.3125	99.6875	52.75	-36.75	5.3125	-36.6875	-57.5	-30.4375
11:15:05.229565	-8.8125	-8.8125	3.0	33.5	4.5	104.3125	48.0	-16.5	4.0625	-37.3125	-34.8125	-27.5625
11:15:05.239637	-7.4375	-12.0625	1.25	35.0	39.0625	106.5	43.625	-1.0	4.0625	-47.5	23.8125	-9.875
11:15:05.249713	-6.4375	-15.8125	-0.375	33.875	52.625	106.3125	41.125	7.125	4.0	-55.5	104.625	9.6875
11:15:05.259843	-5.75	-18.6875	-1.75	31.8125	35.4375	101.0625	40.0	8.8125	3.9375	-41.6875	150.125	23.1875
11:15:05.270043	-5.0625	-20.3125	-2.8125	29.75	3.4375	91.9375	40.8125	10.4375	4.75	-18.3125	133.25	28.875
11:15:05.280619	-5.0625	-20.5625	-3.8125	25.75	-30.9375	83.375	41.75	9.4375	5.375	-13.0625	63.625	16.5625
11:15:05.290723	-5.25	-19.875	-4.5	19.875	-54.875	79.6875	42.625	7.375	4.9375	-21.9375	-23.375	-4.875
11:15:05.300956	-5.25	-19.875	-4.5	17.0625	-64.6875	79.125	43.5	7.875	3.1875	-21.9375	-23.375	-4.875
11:15:05.311080	-5.1875	-18.8125	-4.75	16.8125	-63.625	82.25	43.5	7.875	3.1875	-37.75	-71.5	-26.8125
11:15:05.321706	-5.1875	-16.875	-4.6875	17.5	-53.375	87.3125	40.125	16.125	1.125	-35.4375	-23.25	-15.6875
11:15:05.332152	-4.75	-13.0625	-3.6875	21.0625	-40.1875	91.0625	39.625	21.125	0.5625	-30.9375	49.5625	1.625
11:15:05.342216	-4.625	-10.9375	-2.9375	25.625	-32.0625	93.375	39.8125	19.25	0.9375	-30.25	99.5625	13.3125
11:15:05.352286	-4.4375	-9.3125	-1.875	29.5625	-24.4375	93.5	40.8125	13.375	1.1875	-31.1875	101.75	10.9375
11:15:05.362354	-3.5625	-7.5625	-0.9375	31.875	-26.4375	93.5625	43.125	8.875	1.375	-32.1875	70.125	0.625
11:15:05.372427	-2.25	-6.0625	0.5	31.8125	-33.5625	93.375	44.4375	6.25	2.375	-31.75	27.75	-7.4375
11:15:05.382509	-0.5625	-4.9375	1.75	29.125	-48.25	92.1875	44.875	3.3125	2.8125	-27.375	-10.625	-12.375
11:15:05.392595	1.125	-4.1875	3.375	25.375	-67.5	91.875	46.125	3.625	2.25	-24.4375	-18.8125	-10.6875
11:15:05.402672	2.8125	-2.9375	4.9375	22.875	-78.5625	90.8125	47.375	2.375	0.75	-24.4375	-18.8125	-10.6875
11:15:05.412738	4.25	-1.5625	5.75	21.3125	-73.375	88.625	50.3125	7.8125	-2.5	-37.4375	-84.9375	1.6875
11:15:05.422847	5.0	0.125	6.75	21.3125	-73.375	88.625	51.3125	15.125	-5.3125	-44.875	25.875	19.25
11:15:05.432933	5.625	0.875	9.1875	25.9375	-52.875	83.25	54.0	26.3125	-5.5625	-53.1875	157.25	44.25
11:15:05.443002	6.125	-0.3125	11.75	32.5	-28.9375	75.5625	62.375	36.875	-3.875	-56.25	151.1875	34.875
11:15:05.453071	6.875	-3.1875	13.25	33.1875	-6.5625	66.4375	67.0	36.1875	-0.9375	-64.6875	114.375	12.1875
11:15:05.463184	7.375	-6.5	13.5625	30.6875	11.25	57.3125	72.5625	32.5	3.4375	-72.3125	37.6875	-11.25
11:15:05.473304	7.25	-8.875	13.4375	18.4375	21.625	44.875	78.6875	25.0625	8.875	-75.625	-46.4375	-29.6875
11:15:05.483469	6.0625	-9.1875	13.125	18.4375	21.625	44.875	84.125	15.375	13.875	-81.375	-74.6875	-36.0
11:15:05.493959	4.25	-7.75	13.4375	9.125	19.125	40.8125	89.125	3.0	17.9375	-81.375	-74.6875	-36.0
11:15:05.504227	3.125	-5.9375	13.375	-0.125	16.75	37.125	95.3125	-7.5	20.5625	-81.375	-74.6875	-36.0
11:15:05.514356	2.5	-4.9375	12.4375	-18.1875	19.6875	28.4375	102.125	-12.4375	22.1875	-101.125	-89.1875	-38.625
11:15:05.524477	2.5	-5.0625	10.75	-19.5	22.25	24.0625	108.6875	-13.125	22.3125	-112.3125	-99.3125	-40.5
11:15:05.535033	3.0625	-6.1875	9.3125	-22.3125	23.1875	20.3125	116.0	-7.5	21.375	-125.3125	-91.125	-34.75
11:15:05.545152	3.8125	-6.5	8.5625	-22.1875	23.625	15.9375	127.125	11.0625	19.5625	-138.125	-65.6875	-22.0
11:15:05.555301	4.1875	-5.4375	9.625	-22.125	24.3125	10.0625	134.1875	24.0	19.6875	-148.875	-19.125	-9.25
11:15:05.565411	4.4375	-2.0625	10.875	-19.125	18.0	2.875	142.125	43.8125	21.875	-156.8125	32.75	-3.5
11:15:05.575548	3.375	1.5625	10.875	-12.5625	7.8125	-4.4375	145.5625	37.6875	23.625	-171.1875	-60.75	-35.75
11:15:05.586041	-1.1875	6.6875	11.75	-17.9375	-3.5	-13.5625	156.125	31.75	21.5625	-194.625	-228.625	-51.9375
11:15:05.596818	-7.3125	15.5625	15.1875	-33.8125	-15.75	-24.3125	156.125	31.75	21.5625	-194.625	-228.625	-51.9375
11:15:05.606895	-13.1875	17.5	17.625	-33.8125	-15.75	-24.3125	166.8125	41.5	15.125	-194.625	-228.625	-51.9375
11:15:05.616995	-15.4375	6.6875	15.6875	-53.3125	-16.5625	-39.0	182.0625	85.75	8.875	-201.375	-235.375	-22.75
11:15:05.627111	-12.4375	-17.1875	9.75	-92.3125	-1.0625	-71.9375	194.375	143.8125	7.0625	-221.375	8.625	45.0
11:15:05.637426	-8.75	-42.0625	1.1875	-105.875	3.3125	-91.75	212.625	227.125	26.8125	-271.9375	209.75	65.5625
11:15:05.647596	-6.6875	-50.375	-6.375	-107.125	-7.875	-108.1875	202.375	207.4375	38.25	-289.75	254.6875	101.875
11:15:05.658160	-6.875	-38.875	-10.4375	-93.5	-23.8125	-120.5625	175.5	136.0	48.6875	-271.0625	155.5625	120.375
11:15:05.668334	-7.3125	9.125	-15.125	-72.125	-34.1875	-137.0	125.4375	31.9375	48.125	-243.3125	252.6875	71.1875
11:15:05.678461	-7.875	31.6875	-19.4375	-62.75	-25.8125	-153.5625	103.4375	-12.0625	41.75	-287.5625	260.5	-34.4375
11:15:05.688569	-9.375	45.3125	-23.375	-53.4375	9.3125	-169.5625	95.0625	-17.0625	31.9375	-358.1875	-196.625	-197.625
11:15:05.698697	-10.625	49.5625	-24.4375	-32.0	40.75	-176.9375	90.6875	-45.0625	24.6875	-426.8125	-671.1875	-287.0
11:15:05.709112	-10.625	49.5625	-24.4375	-10.5	66.6875	-170.9375	88.375	-78.4375	17.625	-426.8125	-671.1875	-287.0
11:15:05.719184	-10.75	47.5625	-22.5625	0.1875	95.875	-159.75	88.375	-78.4375	17.625	-381.875	-920.6875	-222.6875
11:15:05.729297	-9.0	43.875	-18.375	-4.5625	107.75	-152.25	61.0625	-80.0625	1.4375	253.5625	41.25	-34.8125
11:15:05.739417	-2.1875	37.9375	-8.0625	-14.4375	96.6875	-152.875	20.5	-60.3125	-2.75	191.6875	473.5625	105.0625
11:15:05.749485	1.3125	33.3125	-4.0625	-24.3125	74.0625	-155.0625	-26.0	-50.625	-8.75	207.0	622.0625	148.4375
11:15:05.759561	3.625	26.5625	-1.9375	-35.125	49.0625	-156.4375	-59.375	-48.5625	-12.875	216.5	423.25	144.125
11:15:05.769676	4.3125	20.25	-2.0	-50.9375	23.5625	-155.1875	-83.0625	-51.9375	-17.5625	204.6875	153.1875	72.3125
11:15:05.779809	4.1875	16.3125	-3.0625	-57.25	-4.0	-154.9375	-106.1875	-40.5	-25.8125	186.125	-22.375	1.875
11:15:05.789895	3.4375	14.9375	-4.5625	-47.4375	-19.3125	-154.0	-134.75	-31.125	-36.6875	153.0625	-225.0625	-51.9375
11:15:05.800359	3.4375	14.9375	-4.5625	-33.3125	-2.6875	-154.1875	-162.6875	-24.0625	-42.4375	153.0625	-225.0625	-51.9375
11:15:05.810538	3.125	14.625	-6.375	-19.5	11.25	-148.8125	-189.3125	-35.875	-46.5625	256.125	-169.75	-77.875
11:15:05.820607	3.5	15.375	-8.875	-10.25	14.5	-134.4375	-208.3125	-53.3125	-48.75	249.0	118.625	-0.8125
11:15:05.830708	3.4375	15.1875	-9.0625	-5.6875	0.8125	-116.25	-226.0	-56.0625	-50.5625	267.25	294.3125	68.75
11:15:05.840794	3.4375	15.1875	-9.0625	-4.3125	-27.0625	-98.1875	-243.9375	-51.875	-52.1875	267.25	294.3125	68.75
11:15:05.850868	3.6875	12.875	-8.75	-8.0625	-56.25	-80.6875	-262.6875	-53.4375	-52.75	330.9375	276.1875	81.5
11:15:05.860935	3.4375	11.375	-8.625	-8.4375	-79.5	-66.25	-278.75	-53.0	-51.5625	351.75	88.4375	55.5625
11:15:05.871003	3.3125	9.6875	-8.375	-9.25	-89.8125	-55.6875	-294.4375	-42.375	-49.8125	344.9375	-16.8125	22.625
11:15:05.881076	3.6875	9.0625	-8.375	-4.875	-89.8125	-47.375	-308.9375	-18.75	-48.3125	353.8125	-3.9375	25.5625
11:15:05.891154	4.0	8.6875	-8.125	-1.4375	-78.625	-39.6875	-322.75	16.75	-47.25	347.25	106.0625	51.625
11:15:05.901228	4.5	9.1875	-7.5	-0.5	-55.0	-33.125	-335.125	55.8125	-47.75	315.0	247.125	74.875
11:15:05.911303	4.3125	9.6875	-6.1875	-5.6875	-28.0	-28.4375	-343.25	81.375	-47.1875	297.75	344.125	81.25
11:15:05.921433	3.5625	10.3125	-4.3125	-2.375	4.8125	-23.5	-346.0	97.375	-46.5	319.25	340.9375	77.5
11:15:05.931515	2.0	10.6875	-2.3125	1.5625	25.6875	-16.375	-347.1875	108.625	-47.125	334.75	257.1875	78.0
11:15:05.941919	-0.3125	11.3125	0.1875	1.25	38.9375	-10.0	-345.5625	112.375	-49.5	319.25	144.5625	88.9375
11:15:05.951991	-2.9375	12.0	1.9375	0.125	53.5	-3.3125	-336.25	102.9375	-49.25	289.25	68.125	89.9375
11:15:05.962062	-5.5	13.1875	3.9375	0.5625	70.75	3.0625	-320.0625	68.3125	-45.4375	294.4375	66.6875	85.375
11:15:05.972130	-7.1875	14.5625	6.75	5.125	69.75	8.75	-302.25	22.625	-38.9375	318.375	100.5	93.5625
11:15:05.982231	-8.5	15.5625	9.3125	8.125	66.375	19.1875	-287.6875	-14.75	-32.125	308.0625	123.5625	90.0
11:15:05.992343	-9.1875	16.375	10.75	3.5	62.1875	24.1875	-267.75	-25.5	-26.875	257.4375	99.9375	55.625
11:15:06.002414	-9.875	17.0	11.5	3.625	56.875	24.0	-245.5	-22.4375	-23.1875	202.125	0.125	14.3125
11:15:06.012486	-10.4375	18.125	11.5625	10.4375	48.8125	18.125	-218.375	-17.4375	-19.9375	172.375	-100.0	-17.6875
11:15:06.022554	-11.0625	19.5	10.625	18.6875	36.4375	9.6875	-187.8125	-14.6875	-16.4375	155.375	-139.375	-16.875
11:15:06.032626	-11.375	20.1875	9.1875	25.5	25.4375	-2.375	-148.0	-1.375	-13.0	133.6875	-98.5625	20.1875
11:15:06.042701	-10.875	19.8125	6.8125	36.1875	20.3125	-14.625	-103.5	9.9375	-10.9375	96.8125	33.375	50.5625
11:15:06.052802	-9.8125	16.8125	4.8125	41.3125	5.625	-17.4375	-59.3125	5.5625	-6.9375	62.25	145.9375	53.375
11:15:06.062931	-8.0	11.75	3.125	24.9375	-21.3125	-16.0	-15.625	-10.625	-3.625	62.25	145.9375	53.375
11:15:06.073038	-5.6875	6.0	2.3125	3.5	-54.375	-14.4375	28.0	-28.5625	-1.5	-100.875	-141.5	-45.625
11:15:06.083162	-3.25	0.625	2.125	-16.25	-85.125	-11.5	65.75	-41.8125	1.0	-120.875	-187.625	-53.3125
11:15:06.093240	-1.6875	-2.625	3.375	-32.0	-105.6875	-8.0	98.5625	-49.3125	3.3125	-50.625	-78.8125	-67.9375
11:15:06.103345	-0.5	-4.75	5.6875	-21.5625	-54.375	-12.1875	132.125	-34.875	-0.5625	-151.1875	-132.0	-108.0625
11:15:06.113960	-0.25	-5.8125	7.9375	20.5	10.75	-13.5	110.5	37.4375	-16.0625	-22.0	-497.3125	-135.375
11:15:06.124055	0.625	-5.375	9.25	20.5	10.75	-13.5	50.0625	-12.5	-12.9375	5.125	-239.8125	-125.0625
11:15:06.134127	4.1875	-4.625	10.75	60.8125	86.75	22.0625	60.0625	-146.125	10.4375	-161.4375	67.5	-175.3125
11:15:06.144264	10.0625	-13.375	16.5625	1.5625	97.875	22.5625	108.25	-211.375	8.125	-291.5625	-9.0	44.125
11:15:06.154560	13.625	-24.1875	20.875	15.4375	102.5625	8.5	127.75	-209.6875	3.9375	-386.3125	-96.9375	71.0
11:15:06.164637	16.125	-22.875	18.625	37.1875	30.6875	5.875	119.3125	-96.8125	2.4375	-318.5	-370.0625	23.9375
11:15:06.175274	15.625	-6.5625	10.25	16.6875	-18.0625	12.0	103.0	-4.125	3.6875	-219.5	-367.3125	-45.625
11:15:06.185470	11.5	17.8125	1.625	-10.5	-66.375	18.625	103.125	51.75	0.4375	-131.75	-250.6875	-49.25
11:15:06.195630	7.1875	34.8125	-1.75	-19.8125	-77.625	30.375	99.625	36.375	3.625	-104.3125	-225.375	-10.625
11:15:06.205893	5.75	33.375	-1.625	-19.9375	-39.875	47.125	99.625	36.375	3.625	-0.1875	-106.875	64.0625
11:15:06.215987	8.1875	16.6875	-0.3125	-5.9375	52.5	62.3125	88.1875	-45.375	1.0	96.6875	-27.25	104.625
11:15:06.226058	11.5	-7.75	-2.9375	13.5	143.8125	72.125	80.1875	-50.875	-6.6875	142.125	77.0625	89.625
11:15:06.236131	13.4375	-29.5	-9.3125	26.0	195.3125	76.625	71.5	-25.25	-13.125	50.3125	178.875	57.375
11:15:06.246267	13.5625	-43.125	-15.9375	40.0	217.25	78.8125	71.5	-25.25	-13.125	-44.6875	185.9375	31.0
11:15:06.256339	13.4375	-45.875	-20.5625	37.5625	214.8125	83.4375	64.4375	31.5	-8.0	-97.0625	152.875	-30.375
11:15:06.267013	13.0	-42.5625	-22.25	17.125	161.9375	86.4375	64.4375	31.5	-8.0	-108.0	79.125	-73.8125
11:15:06.277192	11.1875	-38.125	-20.5	-6.1875	70.6875	84.875	64.0	25.125	0.625	-89.0	-16.0	-44.3125
11:15:06.287288	8.1875	-35.3125	-17.3125	-18.25	-17.0625	80.0	61.9375	-0.5625	4.0	-92.8125	-71.3125	9.6875
11:15:06.298120	4.625	-32.0625	-14.125	-15.5625	-84.1875	77.125	61.5625	-25.125	5.5625	-92.25	-73.9375	36.0625
11:15:06.308182	1.3125	-27.375	-10.6875	-10.5625	-131.125	75.625	61.5	-44.75	6.375	-40.625	-43.375	21.4375
11:15:06.318735	-2.0	-19.875	-6.625	-1.3125	-139.625	76.25	63.5625	-47.125	7.1875	13.5	-9.4375	1.4375
11:15:06.328804	-4.4375	-11.0	-3.3125	11.5625	-110.75	79.625	63.9375	-41.3125	8.8125	20.0	10.625	-1.5
11:15:06.338878	-6.1875	-4.25	-0.375	20.5625	-67.8125	86.125	60.8125	-27.3125	8.9375	2.125	9.75	-0.8125
11:15:06.348963	-7.5	-2.1875	1.125	20.375	-23.375	91.5625	56.3125	-2.375	7.6875	-14.3125	-39.125	9.9375
11:15:06.359075	-7.75	-3.9375	0.75	18.375	12.1875	92.875	51.5	22.0	7.25	-29.25	-85.375	6.1875
11:15:06.369178	-7.6875	-7.625	-0.5	22.1875	35.6875	92.3125	47.25	33.125	7.9375	-60.6875	-67.875	-18.0
11:15:06.379267	-7.0	-10.5625	-2.1875	29.0	43.5	87.5	44.125	24.4375	7.625	-74.0625	-17.0625	-22.1875
11:15:06.389333	-4.9375	-11.8125	-5.3125	32.3125	36.9375	79.4375	42.125	4.9375	6.3125	-45.75	56.0625	-8.0
11:15:06.399415	-4.6875	-10.6875	-7.9375	30.3125	18.375	72.125	43.6875	-7.5625	4.75	-31.375	115.5625	15.8125
11:15:06.410029	-4.6875	-10.6875	-7.9375	25.1875	-0.875	67.0625	46.1875	-11.3125	4.25	-38.5	149.3125	29.125
11:15:06.420118	-5.125	-9.3125	-9.6875	21.6875	-13.625	64.5625	46.625	-3.5625	4.0	-34.25	129.5625	18.75
11:15:06.430669	-5.75	-6.125	-9.5625	18.125	-19.8125	65.0625	47.5625	12.1875	3.9375	-32.4375	40.9375	-2.0
11:15:06.440859	-5.75	-6.125	-9.5625	14.875	-19.3125	67.625	47.1875	21.6875	4.375	-41.5	-40.125	-19.0
11:15:06.451471	-5.5625	-4.625	-7.9375	14.875	-17.375	70.8125	47.5625	22.1875	5.0625	-44.5625	-58.5	-25.8125
11:15:06.461539	-4.75	-2.875	-5.6875	18.25	-17.6875	74.375	47.3125	15.3125	4.5625	-36.1875	-20.0625	-15.6875
11:15:06.471620	-4.3125	-3.0625	-5.0625	21.125	-22.8125	77.6875	45.375	1.375	3.9375	-32.25	45.25	1.6875
11:15:06.481686	-4.3125	-3.0625	-5.0625	21.4375	-30.3125	80.25	45.1875	-10.0	3.375	-35.5625	85.25	9.3125
11:15:06.491763	-2.4375	-5.1875	-4.125	21.6875	-36.75	81.75	47.125	-14.5	3.25	-36.8125	73.875	3.75
11:15:06.501875	-1.0625	-6.75	-3.5625	21.5	-47.625	84.0	47.9375	-13.5625	3.75	-35.3125	35.5625	-7.75
11:15:06.511945	-1.0625	-6.75	-3.5625	21.0	-54.75	85.5	48.125	-10.1875	4.375	-31.1875	4.4375	-14.0
11:15:06.522034	2.3125	-8.6875	-1.625	20.0625	-60.4375	86.4375	50.1875	-3.875	4.5	-29.25	1.75	-11.4375
11:15:06.532104	4.1875	-8.875	-0.25	19.9375	-66.625	87.375	51.0625	1.75	4.3125	-26.8125	12.75	-6.75
11:15:06.542196	5.4375	-7.9375	1.6875	22.9375	-70.25	87.6875	51.125	5.4375	3.375	-28.8125	30.1875	-2.25
11:15:06.552623	5.4375	-7.9375	1.6875	25.1875	-69.8125	87.0625	54.0	14.9375	0.5	-28.8125	30.1875	-2.25
11:15:06.562745	6.3125	-6.1875	4.1875	25.75	-67.9375	86.0	52.6875	21.6875	-1.75	-29.75	-62.875	12.5625
11:15:06.573315	7.875	-4.5625	6.3125	28.3125	-58.125	83.4375	54.5	34.5	-0.875	-43.1875	47.9375	21.8125
11:15:06.583404	10.0	-5.75	8.6875	32.25	-45.75	79.3125	60.75	44.8125	0.4375	-49.3125	118.5	34.4375
11:15:06.593618	10.0	-7.875	9.0	34.5	-32.5625	73.75	64.1875	40.3125	3.0	-49.3125	118.5	34.4375
11:15:06.604283	8.6875	-9.5	8.6875	23.8125	5.0	56.9375	68.0	31.1875	7.25	-53.4375	105.4375	24.25
11:15:06.614711	7.125	-10.4375	8.125	19.1875	14.875	51.625	72.6875	19.125	12.5625	-53.4375	105.4375	24.25
11:15:06.625244	5.625	-9.875	7.3125	13.75	21.0	46.5625	77.5	7.75	16.875	-69.0	-65.75	-25.0625
11:15:06.635391	5.0625	-8.4375	6.875	5.5	23.0625	43.0	82.0625	-0.75	19.5	-76.25	-73.6875	-30.3125
11:15:06.645486	5.1875	-6.75	6.625	-4.75	22.625	40.1875	87.0625	-4.875	20.5	-82.0625	-63.25	-28.75
11:15:06.656102	5.875	-5.1875	6.8125	-10.3125	21.3125	37.0625	92.5625	-4.6875	20.8125	-89.125	-67.0625	-30.3125
11:15:06.666194	6.1875	-3.6875	7.0	-13.1875	19.25	33.5	98.5	-0.0625	20.1875	-97.625	-75.125	-32.625
11:15:06.676311	6.5	-1.5	7.9375	-13.75	16.5625	29.0625	110.6875	14.125	19.375	-107.8125	-69.125	-30.125
11:15:06.686429	7.0625	2.75	9.3125	-15.5	17.0625	22.9375	116.3125	21.9375	19.4375	-117.3125	-52.25	-23.75
11:15:06.696505	7.4375	9.3125	11.375	-16.1875	19.3125	16.125	124.8125	35.375	20.5	-125.8125	-36.9375	-16.8125
11:15:06.707029	7.8125	16.5	12.5	-16.875	22.9375	8.5	124.8125	35.375	20.5	-138.0	-15.3125	-13.0
11:15:06.717161	5.375	21.375	13.1875	-15.5	24.1875	-0.625	137.9375	42.9375	25.0	-147.9375	28.5	-7.6875
11:15:06.727305	-0.375	28.5625	16.1875	-14.1875	23.25	-10.0	151.375	39.5625	23.5	-147.9375	28.5	-7.6875
11:15:06.737383	-6.375	32.375	18.6875	-24.75	21.6875	-20.375	163.0625	50.3125	18.0	-178.75	-210.0	-49.0625
11:15:06.747908	-10.75	25.375	16.875	-41.0	17.375	-31.8125	178.3125	93.375	13.1875	-203.125	-251.125	-37.3125
11:15:06.757989	-11.0625	10.4375	11.5	-57.375	15.75	-45.625	187.25	141.3125	13.25	-187.0	-203.9375	-12.4375
11:15:06.768055	-10.1875	-11.5	4.0	-74.4375	17.0625	-59.125	194.375	186.0625	20.5	-203.3125	-97.0	21.5625
11:15:06.778129	-10.375	-26.8125	-3.8125	-88.5625	15.1875	-72.6875	202.5	209.9375	32.125	-230.75	38.5	39.3125
11:15:06.788205	-10.375	-28.4375	-8.1875	-99.0	3.625	-87.125	199.6875	191.25	40.4375	-235.9375	160.5	54.5
11:15:06.798299	-10.1875	-22.0625	-9.875	-102.6875	-10.875	-101.6875	181.625	140.5	50.0	-235.9375	160.5	54.5
11:15:06.808425	-9.9375	-9.875	-12.8125	-95.75	-30.5	-112.75	181.625	140.5	50.0	-261.125	240.75	85.6875
11:15:06.818541	-9.625	6.0	-17.3125	-77.25	-41.0	-125.0	76.6875	-24.5625	49.25	-261.125	240.75	85.6875
11:15:06.828644	-10.0625	21.375	-21.625	-77.25	-41.0	-125.0	76.6875	-24.5625	49.25	-261.125	240.75	85.6875
11:15:06.838831	-11.375	31.875	-22.625	-59.5	3.5	-154.75	54.5	-53.375	37.375	-365.1875	-533.75	-268.25
11:15:06.848984	-13.125	35.375	-20.9375	-37.0625	40.5	-164.375	71.5	-113.0625	25.0	-366.875	-832.75	-256.8125
11:15:06.859079	-13.5625	33.3125	-17.75	-11.5625	68.125	-161.75	67.375	-100.8125	16.9375	-51.5	-741.125	-157.25
11:15:06.869187	-10.0	27.0	-10.25	3.3125	99.5625	-151.9375	46.6875	-80.0	10.0	229.625	-110.6875	-80.625
11:15:06.879315	-6.3125	24.3125	-6.4375	5.75	114.9375	-143.4375	10.0625	-54.9375	6.0625	192.1875	383.375	70.5
11:15:06.889437	-3.0625	19.8125	-3.1875	-3.9375	94.3125	-139.375	-27.6875	-44.6875	1.375	192.1875	383.375	70.5
11:15:06.899562	-0.375	13.625	-2.5	-18.125	56.125	-138.5625	-53.5	-44.9375	-2.25	261.4375	490.0	148.875
11:15:06.909753	1.0625	7.5	-4.3125	-25.75	15.6875	-137.375	-77.1875	-56.4375	-5.6875	246.5625	263.5625	98.0
11:15:06.919857	1.625	3.0625	-6.25	-40.0625	-18.4375	-135.5	-102.5	-60.375	-12.0	246.5625	263.5625	98.0
11:15:06.929955	2.125	0.4375	-8.375	-47.25	-46.6875	-133.4375	-127.0	-63.4375	-20.875	131.3125	-142.375	-48.4375
11:15:06.940292	2.6875	-0.8125	-10.0625	-38.5	-55.5	-134.5625	-147.5	-60.6875	-25.0625	131.6875	-251.0625	-140.25
11:15:06.950824	2.6875	-1.25	-11.4375	-22.3125	-36.5	-137.375	-169.9375	-65.625	-25.8125	131.6875	-251.0625	-140.25
11:15:06.960937	2.875	-0.875	-12.5625	-9.125	-15.3125	-136.0	-189.25	-74.1875	-25.125	261.0625	-53.3125	-74.5
11:15:06.971005	2.6875	-0.4375	-12.875	-3.0625	-5.25	-125.75	-208.75	-70.0625	-25.6875	261.0625	-53.3125	-74.5
11:15:06.981073	2.4375	-0.0625	-12.6875	-2.0625	-14.0625	-110.875	-227.125	-58.6875	-27.5	268.625	296.875	72.375
11:15:06.991147	2.1875	0.4375	-12.1875	-3.125	-38.75	-96.6875	-243.3125	-51.0	-29.0	286.3125	299.875	79.3125
11:15:07.001223	1.9375	1.0	-11.5	-6.0	-66.5625	-83.1875	-256.9375	-45.0625	-31.1875	314.625	170.375	53.0
11:15:07.011306	1.9375	1.5625	-10.6875	-4.8125	-85.4375	-71.25	-270.3125	-40.125	-32.9375	314.625	170.375	53.0
11:15:07.021404	1.9375	1.3125	-9.875	-2.8125	-94.0625	-61.0	-283.3125	-24.4375	-33.625	314.625	170.375	53.0
11:15:07.031473	1.875	0.6875	-8.6875	0.9375	-94.75	-51.5625	-294.625	0.9375	-34.75	321.1875	22.125	6.375
11:15:07.042022	2.0	-0.375	-7.6875	-0.125	-86.625	-43.875	-304.5625	31.1875	-37.3125	311.375	132.5	34.75
11:15:07.052427	2.125	-0.9375	-6.25	-2.1875	-65.625	-36.5	-314.5	55.0	-40.6875	301.5625	235.3125	62.25
11:15:07.062523	1.875	-0.8125	-4.875	-9.5	-41.5	-29.9375	-321.25	70.75	-44.0	302.5	282.8125	71.6875
11:15:07.072590	1.5	0.1875	-3.375	-7.1875	-13.25	-24.1875	-326.6875	80.1875	-47.4375	320.9375	249.0625	66.5
11:15:07.082711	0.5	1.25	-1.8125	-0.875	5.0	-18.625	-329.625	87.5	-50.375	328.0625	175.8125	61.4375
11:15:07.092812	-0.875	2.8125	-0.375	1.875	19.75	-12.875	-330.9375	90.125	-53.0625	328.0625	175.8125	61.4375
11:15:07.102934	-2.5	4.0625	1.4375	7.5625	36.125	-8.0625	-327.9375	84.3125	-53.0625	303.125	115.1875	77.9375
11:15:07.113010	-4.0625	5.4375	3.9375	19.5625	62.625	7.8125	-314.3125	71.125	-51.5	284.6875	150.0625	93.5
11:15:07.123276	-5.8125	6.1875	6.4375	19.5625	62.625	7.8125	-297.4375	46.4375	-48.25	283.875	182.1875	100.125
11:15:07.133651	-7.625	6.5625	8.25	24.5625	61.1875	15.5	-277.5625	31.375	-45.375	248.625	167.0625	96.9375
11:15:07.143748	-8.8125	6.8125	9.5625	26.5625	59.25	25.4375	-255.6875	21.1875	-42.0625	206.5625	92.75	68.0
11:15:07.153871	-9.6875	7.5625	9.875	19.75	54.25	31.1875	-228.5625	9.3125	-38.3125	206.5625	92.75	68.0
11:15:07.163948	-10.1875	8.8125	9.6875	5.6875	34.625	26.0	-198.375	-10.375	-33.9375	143.5	-79.75	14.625
11:15:07.174061	-10.1875	10.5625	8.5	7.9375	28.875	14.625	-163.1875	-18.9375	-27.125	143.5	-79.75	14.625
11:15:07.184642	-9.875	11.25	7.9375	16.4375	26.5	-0.8125	-119.8125	-2.375	-22.0625	122.5625	-66.8125	41.5
11:15:07.195277	-8.4375	12.0625	6.75	32.6875	30.0	-13.8125	-76.3125	13.5625	-17.4375	60.125	62.625	60.0625
11:15:07.205593	-7.0	11.4375	6.125	44.125	26.875	-19.0	-35.5625	21.8125	-13.75	2.875	54.3125	30.6875
11:15:07.216064	-4.875	10.1875	5.9375	36.375	8.8125	-20.375	45.1875	-7.0	-7.75	2.875	54.3125	30.6875
11:15:07.226153	-3.375	8.25	6.8125	19.4375	-20.3125	-21.6875	82.25	-29.6875	-3.875	2.875	54.3125	30.6875
11:15:07.236502	-2.5	5.9375	8.0625	-1.1875	-59.3125	-18.9375	82.25	-29.6875	-3.875	-116.5625	-102.5	-36.5625
11:15:07.246646	-2.3125	3.75	9.1875	-19.25	-81.5625	-18.375	130.125	-52.75	1.125	-63.5625	-6.5	-78.1875
11:15:07.257469	-2.875	0.5	10.4375	-28.375	-77.375	-19.4375	131.5	-28.125	-2.5	-159.0	-50.75	-127.125
11:15:07.267610	-3.5	-3.5625	10.9375	-15.8125	-46.125	-18.1875	93.3125	31.125	-11.75	35.125	-427.4375	-181.9375
11:15:07.277818	-1.875	-6.3125	10.0	21.875	5.1875	-13.3125	39.125	-83.75	4.1875	22.0	-185.3125	-186.5
11:15:07.288302	4.375	-13.125	12.0625	72.375	61.8125	4.3125	78.0	-202.5625	20.625	-166.0625	-45.8125	-130.9375
11:15:07.298426	14.5625	-32.5	20.0	42.4375	69.6875	30.375	122.5625	-263.6875	13.75	-302.6875	-156.5625	74.8125
11:15:07.308638	17.0625	-25.5	16.0	-9.75	88.6875	28.625	138.4375	-222.0	9.0625	-360.0	-260.375	96.375
11:15:07.318813	15.625	-4.3125	7.125	-8.3125	97.8125	12.8125	123.6875	-86.25	9.1875	-315.8125	-424.3125	44.9375
11:15:07.329277	11.375	20.75	-0.3125	17.3125	43.1875	3.375	106.125	7.625	10.0	-180.625	-424.8125	-45.1875
11:15:07.339825	8.625	33.0625	-2.5625	63.75	-1.0625	-2.625	111.125	28.8125	6.5625	-75.3125	-297.4375	-44.875
11:15:07.349896	8.9375	26.5625	-2.0	30.0625	-65.1875	3.5	110.375	7.9375	6.75	-92.375	-174.9375	4.875
11:15:07.360001	11.5625	7.125	-2.125	-13.625	-117.0625	13.25	106.0	-34.0625	8.0	36.6875	-99.8125	57.625
11:15:07.370180	13.875	-16.0625	-4.9375	-21.0	-100.75	31.625	106.0	-34.0625	8.0	133.6875	-17.6875	75.125
11:15:07.380871	14.4375	-36.0625	-9.5625	-3.875	-32.6875	53.1875	101.125	-84.5	1.875	65.0	143.875	63.1875
11:15:07.390946	14.0	-47.5	-13.125	5.25	73.4375	67.5	96.3125	-87.4375	-8.375	-45.75	203.875	34.125
11:15:07.401049	12.875	-49.5625	-16.0	13.25	172.9375	66.875	87.0625	-50.0625	-17.9375	-107.3125	199.9375	-35.125
11:15:07.411134	11.375	-45.5	-16.375	42.25	219.25	64.4375	79.1875	4.75	-20.0	-117.1875	177.125	-77.0
11:15:07.421202	9.0625	-40.0	-13.6875	63.5	235.5625	66.625	76.8125	52.4375	-15.1875	-106.4375	144.125	-68.9375
11:15:07.431305	6.3125	-34.6875	-9.25	49.375	208.75	65.4375	76.75	73.5	-10.125	-98.125	59.5625	-4.8125
11:15:07.441419	2.875	-29.4375	-4.25	11.75	109.875	63.125	76.0625	60.8125	-2.5	-123.3125	-35.125	53.6875
11:15:07.451490	0.125	-22.375	-0.375	-13.25	2.0	60.8125	74.8125	22.1875	4.5625	-89.8125	-91.6875	71.75
11:15:07.461566	-2.0	-12.1875	2.625	-19.4375	-72.5625	58.625	74.125	-15.4375	6.625	12.125	-101.0	25.1875
11:15:07.471630	-3.5625	-1.6875	5.125	-25.8125	-120.0	56.375	72.625	-47.25	6.875	33.5625	-65.3125	1.8125
11:15:07.481704	-3.9375	5.3125	6.3125	-17.3125	-130.0	59.125	73.0625	-60.625	6.6875	14.75	-35.5	1.75
11:15:07.491847	-3.5625	6.125	6.125	7.125	-100.375	67.8125	72.0	-61.0625	6.75	3.6875	-28.0	-17.6875
11:15:07.501914	-3.0	2.5	5.5	21.625	-54.9375	77.625	65.75	-51.4375	7.1875	-24.5	-44.8125	-1.0625
11:15:07.512036	-1.875	-2.5	3.8125	23.75	-11.0625	85.8125	58.3125	-21.8125	4.5625	-63.625	-24.25	5.625
11:15:07.522097	-1.1875	-6.125	2.25	25.1875	30.625	91.0625	52.4375	18.1875	2.6875	-79.3125	50.25	-9.25
11:15:07.532253	-0.4375	-7.8125	0.625	24.3125	54.9375	93.3125	47.625	46.6875	3.1875	-58.0	107.0	2.1875
11:15:07.542405	-0.0625	-7.875	-0.875	24.0625	53.0625	89.1875	43.3125	58.875	3.875	-39.3125	139.4375	21.0625
11:15:07.552551	-0.0625	-7.0	-2.4375	25.5625	27.625	78.75	39.625	50.75	5.0625	-25.125	129.0625	28.375
11:15:07.563350	-0.625	-5.875	-3.8125	25.0	-1.75	69.25	38.0625	30.75	6.3125	-10.4375	62.75	21.1875
11:15:07.573462	-1.25	-4.5625	-4.875	16.5625	-33.1875	64.25	38.1875	5.0625	6.625	-27.25	-57.875	-19.625
11:15:07.583534	-1.875	-3.375	-5.8125	11.4375	-28.875	68.375	38.375	-11.8125	5.8125	-29.1875	-58.75	-25.9375
11:15:07.593625	-2.125	-1.875	-6.4375	8.0625	-19.1875	74.0625	38.6875	-13.8125	4.25	-29.875	-15.375	-18.6875
11:15:07.603761	-2.5625	-0.5625	-6.5	9.75	-8.3125	79.125	39.0625	-2.3125	2.875	-33.6875	47.375	-5.3125
11:15:07.613919	-2.5625	1.0	-6.0	15.9375	-0.75	82.125	37.25	15.8125	2.5625	-33.6875	47.375	-5.3125
11:15:07.624470	-2.25	2.375	-5.3125	21.6875	-0.375	84.125	35.25	31.25	3.0625	-29.1875	96.9375	9.0
11:15:07.634545	-1.8125	3.6875	-4.125	22.375	-9.5	84.0625	33.625	29.5625	3.6875	-25.5	62.625	1.4375
11:15:07.644614	-0.9375	4.6875	-3.125	19.375	-25.25	82.875	33.0	16.5625	3.5625	-27.625	12.0625	-12.5625
11:15:07.655266	0.375	5.8125	-2.125	14.6875	-43.0	83.1875	33.6875	2.25	3.375	-28.875	-14.0625	-19.4375
11:15:07.665600	1.875	7.0625	-1.1875	9.9375	-55.625	84.375	34.8125	-5.9375	3.1875	-27.0	-5.6875	-15.75
11:15:07.676203	3.5	7.8125	-0.125	10.0625	-58.75	84.125	35.875	0.3125	2.8125	-24.25	21.0	-6.3125
11:15:07.686275	5.5	8.75	1.0625	10.375	-58.75	83.625	36.6875	7.9375	2.4375	-27.25	-33.875	-1.3125
11:15:07.696383	7.375	9.0	2.0625	13.625	-56.5625	82.0	38.625	12.875	0.5	-35.375	-55.1875	2.1875
11:15:07.706474	9.5625	9.125	2.625	17.4375	-52.1875	80.0625	41.5625	20.4375	-3.0625	-36.6875	37.0	20.625
11:15:07.716558	10.9375	9.1875	4.125	20.4375	-46.4375	77.625	42.5625	26.75	-5.3125	-43.5625	106.25	37.4375
11:15:07.727202	11.75	8.5	6.5	26.4375	-39.75	74.125	46.125	42.8125	-4.6875	-45.5625	121.375	40.0
11:15:07.737301	11.9375	6.6875	8.9375	28.5	-28.875	69.4375	51.5	51.1875	-4.0	-49.0	112.9375	31.8125
11:15:07.747451	11.5625	4.3125	10.4375	25.75	-13.375	63.1875	55.4375	50.5	-1.5625	-53.875	85.5	16.8125
11:15:07.758115	11.5	1.5625	10.875	22.5	-1.375	57.9375	60.5	45.125	2.75	-60.6875	41.75	0.0625
11:15:07.768672	11.4375	-0.6875	11.25	18.3125	7.8125	52.75	66.0	36.625	7.6875	-67.5625	0.625	-13.8125
11:15:07.778744	10.5	-3.0625	12.125	12.875	17.0	46.1875	71.9375	26.25	12.0625	-69.625	-29.3125	-21.25
11:15:07.789100	9.5	-2.8125	12.625	6.125	26.1875	39.4375	78.375	16.625	15.875	-73.375	-40.125	-23.4375
11:15:07.799168	9.25	-1.75	12.5625	-1.0	30.375	34.0625	85.8125	7.5625	18.5	-81.4375	-47.6875	-26.125
11:15:07.809237	9.125	0.0	11.875	-8.6875	30.9375	28.75	93.75	0.5625	19.625	-91.0625	-59.6875	-29.1875
11:15:07.819547	9.875	1.9375	10.8125	-14.75	29.3125	23.25	102.0	-2.9375	19.8125	-100.5	-61.4375	-30.625
11:15:07.829618	10.875	4.375	9.5	-21.0	27.0625	17.5	109.0625	-3.75	18.9375	-110.625	-53.3125	-28.125
11:15:07.839687	11.625	8.1875	7.1875	-25.8125	26.125	10.875	116.875	-0.4375	17.5625	-122.5625	-38.75	-24.125
11:15:07.849844	9.9375	12.8125	5.125	-30.625	29.9375	1.6875	127.625	7.1875	16.6875	-133.9375	-1.6875	-16.8125
11:15:07.859961	3.125	20.3125	6.8125	-31.5	30.5625	-6.875	138.1875	24.875	19.0	-145.5625	-3.5625	-24.9375
11:15:07.870069	-5.8125	28.3125	12.8125	-26.5	22.5625	-14.9375	142.1875	26.1875	22.0	-168.1875	-157.0625	-47.1875
11:15:07.880738	-14.75	28.0	17.6875	-23.3125	16.5625	-23.8125	148.1875	15.4375	22.25	-186.0625	-230.5625	-52.875
11:15:07.890876	-19.25	15.3125	18.625	-32.1875	7.875	-31.75	158.375	16.125	18.0625	-196.3125	-191.375	-28.0625
11:15:07.900950	-17.6875	-11.375	14.25	-44.4375	0.5	-39.25	166.625	40.0625	12.8125	-217.5	-146.8125	2.8125
11:15:07.911062	-14.375	-39.4375	5.0	-58.3125	-1.625	-48.375	179.375	88.75	9.0	-217.75	-102.0	20.8125
11:15:07.921151	-12.125	-51.8125	-4.5	-71.125	-2.5	-58.6875	185.75	132.625	9.5	-228.375	-40.25	30.5625
11:15:07.931224	-11.625	-44.6875	-10.3125	-83.6875	-0.8125	-72.25	192.9375	175.5	14.3125	-223.75	44.6875	48.1875
11:15:07.941308	-11.1875	-27.1875	-13.4375	-96.625	-7.0	-88.375	200.875	206.375	22.5	-241.9375	155.875	67.625
11:15:07.951383	-10.875	-5.625	-16.125	-99.0	-20.5625	-102.5625	194.25	210.5625	29.4375	-295.8125	263.8125	114.75
11:15:07.961512	-11.4375	15.3125	-19.75	-93.6875	-34.125	-114.6875	164.75	192.375	34.25	-329.25	212.6875	86.6875
11:15:07.971596	-13.75	32.0	-24.0625	-83.5625	-40.0	-126.5625	102.1875	133.0	40.75	-302.0625	188.4375	36.375
11:15:07.981659	-17.0625	42.0	-26.3125	-69.4375	-35.25	-138.9375	49.125	36.9375	43.3125	-295.8125	45.25	-102.625
11:15:07.991736	-18.9375	44.4375	-26.0	-58.25	-13.6875	-150.6875	65.1875	-36.375	40.4375	-233.1875	-568.375	-299.625
11:15:08.001813	-19.375	41.1875	-23.0	-39.75	21.125	-160.0	76.0	-69.5	35.375	-183.1875	-1082.5	-300.3125
11:15:08.011968	-17.75	35.4375	-18.25	-15.625	58.625	-161.625	73.125	-83.0625	29.4375	-183.1875	-1082.5	-300.3125
11:15:08.022101	-14.4375	28.3125	-12.5625	2.6875	104.0625	-157.1875	55.125	-99.9375	18.5625	139.5	176.75	-35.875
11:15:08.032636	-10.375	20.6875	-6.625	9.5	139.9375	-147.9375	25.25	-123.6875	16.6875	30.0625	674.0625	148.1875
11:15:08.042711	-6.5625	12.125	-2.0625	2.625	137.6875	-138.4375	-13.125	-117.5625	17.0625	128.25	754.625	201.5625
11:15:08.052852	-4.4375	3.5	-0.3125	-13.5625	104.75	-133.5	-43.0625	-85.875	10.125	252.375	574.0625	173.0625
11:15:08.062924	-3.375	-3.125	-0.75	-34.5	58.1875	-129.0625	-67.0	-60.25	1.6875	303.0625	219.3125	66.4375
11:15:08.073049	-3.5625	-7.4375	-2.0625	-43.25	10.625	-126.0625	-94.3125	-41.3125	-8.125	219.1875	-110.3125	-80.4375
11:15:08.083121	-4.125	-9.5	-3.375	-42.6875	-31.3125	-127.5	-120.8125	-24.3125	-15.0625	133.0625	-324.625	-133.5
11:15:08.093299	-4.9375	-10.0625	-4.875	-31.1875	-66.125	-129.5625	-142.75	-12.6875	-17.625	251.0	-134.1875	-80.625
11:15:08.103397	-5.625	-9.8125	-6.625	-8.4375	-58.0	-129.0	-162.3125	-25.5625	-19.875	240.5625	158.5625	4.0
11:15:08.114010	-6.125	-8.625	-7.8125	-3.625	-47.5	-114.0625	-184.4375	-41.375	-21.8125	221.0	367.25	62.0
11:15:08.124546	-6.0625	-7.5	-7.8125	-3.0625	-42.9375	-97.5	-204.125	-50.5625	-24.8125	221.0	367.25	62.0
11:15:08.134649	-6.0625	-6.375	-6.6875	0.75	-46.6875	-83.4375	-221.0	-50.875	-28.375	294.5	214.3125	79.5
11:15:08.145383	-6.125	-5.9375	-5.5625	8.6875	-60.1875	-68.25	-238.875	-46.8125	-31.25	301.125	23.0625	34.0625
11:15:08.155452	-6.3125	-6.0	-5.25	14.4375	-81.5625	-54.75	-265.9375	-36.1875	-36.5625	301.125	23.0625	34.0625
11:15:08.165578	-6.0625	-6.4375	-5.8125	14.875	-101.6875	-43.0	-278.3125	-25.375	-39.9375	298.0	-65.4375	3.375
11:15:08.175713	-5.6875	-6.6875	-6.375	10.75	-110.0625	-34.875	-287.5	-10.5625	-42.9375	296.375	63.4375	40.3125
11:15:08.185805	-5.0	-7.125	-6.9375	2.1875	-107.1875	-29.375	-294.5	9.0625	-44.6875	262.875	173.4375	61.5625
11:15:08.195917	-4.375	-7.5625	-6.75	-4.375	-87.6875	-23.375	-300.0	30.8125	-45.5	262.875	173.4375	61.5625
11:15:08.206332	-3.9375	-8.25	-5.625	-7.875	-56.125	-18.375	-300.0	30.8125	-45.5	248.8125	222.125	68.5625
11:15:08.216884	-4.0625	-8.625	-3.625	-1.4375	-10.5	-16.75	-305.5	59.75	-47.125	273.4375	185.25	77.875
11:15:08.227525	-4.125	-8.9375	-1.625	10.625	29.6875	-13.3125	-305.0	63.3125	-48.625	301.1875	35.6875	57.9375
11:15:08.237681	-5.0625	-9.0	0.3125	12.8125	72.8125	-2.125	-301.5	60.6875	-49.0	301.1875	35.6875	57.9375
11:15:08.247801	-6.25	-9.5	2.75	12.875	81.5625	5.6875	-294.0	48.75	-45.625	307.5625	2.5	57.5
11:15:08.257890	-9.1875	-10.25	8.625	20.3125	78.0	13.6875	-287.5625	27.6875	-41.1875	311.3125	11.375	61.8125
11:15:08.267988	-9.1875	-10.25	8.625	27.4375	70.875	23.8125	-278.0625	8.5625	-36.625	312.75	39.3125	63.25
11:15:08.278352	-10.5625	-11.0	11.375	30.3125	60.5	31.875	-266.5	-7.8125	-35.3125	293.0625	49.5625	48.8125
