Time	Pelvis_x	Pelvis_y	Pelvis_z	UppLeg_x	UppLeg_y	UppLeg_z	LowLeg_x	LowLeg_y	LowLeg_z		Foot_x	Foot_y	Foot_z
17:55:00.369236	-0.27	-8.56	1.83	-0.89	-9.78	1.1	-0.29	-9.26	2.24	0.62	-9.92	-2.06
17:55:00.379385	-0.28	-8.35	1.6300000000000001	-0.9400000000000001	-9.86	0.9500000000000001	-0.52	-9.44	1.54	0.74	-10.15	-2.25
17:55:00.390017	-0.49	-8.16	1.44	-0.89	-9.98	0.78	-0.5700000000000001	-9.5	1.62	1.01	-10.3	-1.84
17:55:00.400186	-0.76	-8.22	1.49	-0.5700000000000001	-10.05	0.36	-0.5	-9.64	1.3900000000000001	1.11	-10.47	-2.15
17:55:00.410255	-1.0	-8.32	1.71	-0.37	-10.07	0.12	-0.33	-9.76	1.04	0.84	-10.88	-2.69
17:55:00.420560	-1.35	-8.58	2.36	-0.3	-10.120000000000001	-0.18	-0.23	-9.61	1.18	0.84	-10.88	-2.69
17:55:00.431090	-1.25	-8.82	2.68	0.07	-10.21	-0.3	0.04	-9.9	0.61	0.78	-10.63	-1.92
17:55:00.441218	-0.76	-9.17	2.88	0.15	-10.42	-0.78	0.31	-9.98	0.12	0.31	-12.030000000000001	-1.99
17:55:00.451345	-0.09	-9.870000000000001	2.85	0.13	-10.82	-0.9400000000000001	-0.39	-10.61	-0.02	0.31	-12.030000000000001	-1.99
17:55:00.461932	-0.39	-11.870000000000001	1.61	0.11	-11.31	-0.97	-0.55	-11.15	-0.26	1.23	-12.51	-2.0300000000000002
17:55:00.472196	-0.86	-12.120000000000001	0.97	-0.09	-11.68	-0.86	-0.26	-11.16	-0.11	0.27	-13.15	-2.42
17:55:00.482404	-0.46	-12.09	-0.66	-0.3	-11.57	-0.8300000000000001	0.16	-10.98	0.05	-0.42	-13.08	-1.86
17:55:00.492771	0.0	-11.8	-1.37	-0.51	-11.43	-0.87	0.55	-11.19	-0.17	-0.8	-13.05	-1.08
17:55:00.503269	0.16	-11.43	-1.82	-0.84	-11.31	-0.85	0.34	-11.36	-0.52	-0.97	-13.63	-1.5
17:55:00.513456	0.37	-10.75	-2.29	-1.6300000000000001	-11.4	-0.43	-0.07	-11.91	-1.45	0.0	-13.74	-1.46
17:55:00.523540	0.5700000000000001	-10.56	-2.27	-1.92	-11.49	-0.13	0.02	-12.05	-0.98	0.0	-13.74	-1.46
17:55:00.533631	0.72	-10.43	-2.11	-2.0300000000000002	-11.53	0.08	0.61	-12.13	-0.99	0.0	-13.74	-1.46
17:55:00.543935	0.84	-10.42	-1.75	-1.58	-11.59	0.02	0.61	-12.13	-0.99	0.8300000000000001	-15.33	-1.71
17:55:00.554090	0.97	-10.33	-0.68	-1.25	-11.47	-0.13	1.25	-13.52	-1.67	2.38	-16.12	-1.22
17:55:00.564164	0.98	-10.200000000000001	-0.04	-0.81	-11.41	-0.43	1.19	-13.33	-0.8200000000000001	1.43	-17.68	-2.72
17:55:00.574231	1.04	-9.91	0.66	-0.31	-11.44	-0.8300000000000001	1.21	-13.55	-0.19	1.93	-17.56	-1.62
17:55:00.584322	1.6500000000000001	-9.23	1.6400000000000001	0.98	-11.68	-1.62	0.87	-13.39	0.58	3.18	-17.23	-1.07
17:55:00.594392	1.73	-8.73	1.86	1.3900000000000001	-11.450000000000001	-0.87	0.04	-12.14	1.77	3.18	-17.23	-1.07
17:55:00.604466	1.59	-8.35	1.8	1.96	-10.66	-0.35000000000000003	-0.29	-10.92	2.83	3.3000000000000003	-14.92	-1.85
17:55:00.614583	1.48	-8.14	1.3900000000000001	2.8000000000000003	-10.03	-0.62	-0.3	-9.86	3.84	2.43	-12.9	-2.31
17:55:00.624677	1.03	-8.22	0.27	2.9	-9.82	-0.04	0.36	-8.34	5.65	1.6600000000000001	-11.58	-3.85
17:55:00.634756	0.89	-8.57	-0.46	2.93	-9.76	0.05	0.47000000000000003	-7.96	6.67	1.6400000000000001	-10.57	-6.82
17:55:00.645350	0.73	-8.93	-1.03	3.04	-9.870000000000001	0.01	0.67	-8.02	8.0	1.01	-10.28	-6.08
17:55:00.655477	0.5	-10.09	-1.99	2.27	-10.32	0.78	0.21	-8.92	9.84	2.43	-8.91	-5.2
17:55:00.665549	0.4	-10.4	-2.4	2.0100000000000002	-10.58	1.68	0.3	-8.97	8.290000000000001	3.48	-8.48	-4.38
17:55:00.675695	0.25	-10.6	-2.62	1.71	-10.86	2.34	0.18	-8.45	7.66	4.41	-9.540000000000001	-3.5
17:55:00.685768	0.13	-10.75	-2.75	1.24	-10.9	3.06	0.46	-7.55	7.63	5.3100000000000005	-9.290000000000001	-2.91
17:55:00.695840	0.0	-10.85	-2.72	1.1400000000000001	-10.91	2.86	1.84	-6.28	7.97	5.65	-8.09	-2.49
17:55:00.705914	-0.03	-10.790000000000001	-2.5300000000000002	0.9400000000000001	-10.68	2.72	1.74	-6.43	7.76	5.2700000000000005	-6.640000000000001	-1.59
17:55:00.716005	0.1	-10.71	-2.27	0.34	-10.370000000000001	2.71	2.15	-5.87	7.03	6.92	3.19	4.88
17:55:00.726074	0.62	-10.51	-1.6300000000000001	0.22	-10.46	2.57	2.29	-5.17	7.12	6.92	3.19	4.88
17:55:00.736146	0.8300000000000001	-10.49	-1.31	0.38	-10.47	2.2800000000000002	1.85	-5.66	5.7700000000000005	0.49	11.55	6.74
17:55:00.746218	0.88	-10.44	-1.01	0.58	-10.48	1.92	0.9	-6.140000000000001	4.62	0.93	4.48	5.07
17:55:00.756284	0.91	-10.44	-0.7000000000000001	1.23	-10.27	1.21	0.51	-5.53	3.98	1.48	-6.49	4.7
17:55:00.766413	0.98	-10.200000000000001	-0.21	1.6400000000000001	-9.8	1.1500000000000001	0.92	-5.5	2.92	0.24	-7.12	3.94
17:55:00.776483	0.98	-10.0	0.09	1.6400000000000001	-9.8	1.1500000000000001	1.17	-5.89	2.15	-1.68	-6.76	3.54
17:55:00.786579	0.96	-9.85	0.29	2.08	-9.23	1.37	1.33	-5.67	2.31	-3.34	-5.26	3.11
17:55:00.796646	1.05	-9.44	0.58	2.25	-9.08	1.31	1.72	-5.53	3.72	-3.37	-3.69	3.87
17:55:00.806737	1.05	-9.23	0.62	2.43	-9.02	1.04	2.2	-5.7	4.57	-2.95	-3.43	4.39
17:55:00.816858	1.01	-9.08	0.63	2.54	-8.870000000000001	0.84	2.68	-5.96	4.55	-2.83	-2.9	4.58
17:55:00.826949	0.8300000000000001	-9.0	0.49	2.6	-8.48	0.68	2.98	-6.3	3.64	-2.83	-2.9	4.58
17:55:00.837018	0.74	-9.01	0.34	2.31	-8.24	0.3	3.34	-6.66	3.23	0.16	-5.14	4.24
17:55:00.847086	0.74	-9.18	0.1	1.9000000000000001	-8.44	-0.32	2.77	-6.7700000000000005	2.5	1.9100000000000001	-6.640000000000001	3.52
17:55:00.857159	0.51	-9.28	-0.12	1.72	-8.57	-0.58	1.8	-6.88	3.17	3.63	-8.5	1.86
17:55:00.867230	0.29	-9.540000000000001	-0.64	1.7	-8.53	-0.75	3.15	-8.18	3.63	4.53	-9.42	-1.0
17:55:00.877302	0.06	-9.58	-0.87	1.8	-8.49	-0.79	3.5500000000000003	-8.25	3.35	2.64	-12.43	-2.77
17:55:00.887966	-0.09	-9.46	-1.05	2.1	-8.46	-1.07	3.62	-8.700000000000001	3.8000000000000003	0.5700000000000001	-11.26	-1.77
17:55:00.898032	-0.06	-9.28	-1.1400000000000001	2.1	-8.620000000000001	-1.27	3.77	-9.3	4.93	0.7000000000000001	-11.52	-2.36
17:55:00.908163	0.12	-9.28	-1.1400000000000001	1.95	-8.83	-1.42	3.74	-10.17	5.9	3.48	-13.14	-4.2
17:55:00.918253	0.09	-9.55	-1.03	1.53	-9.32	-1.69	2.97	-10.18	5.55	3.48	-13.14	-4.2
17:55:00.928854	0.11	-9.68	-0.91	1.31	-9.51	-1.8800000000000001	1.6600000000000001	-10.09	4.98	3.48	-13.14	-4.2
17:55:00.939032	0.11	-9.68	-0.91	1.12	-9.65	-2.17	0.09	-10.49	4.8	3.17	-13.58	-5.43
17:55:00.949107	0.3	-9.76	-0.54	0.93	-9.77	-2.42	0.6	-10.53	4.8100000000000005	0.58	-14.34	-5.39
17:55:00.959213	0.26	-9.97	-0.31	0.67	-9.86	-2.62	1.41	-10.66	4.74	-0.24	-14.65	-5.43
17:55:00.969576	0.19	-9.98	-0.26	0.63	-9.91	-2.65	2.27	-10.77	4.67	-0.53	-14.790000000000001	-5.32
17:55:00.980049	-0.02	-10.15	-0.16	0.68	-9.950000000000001	-2.75	2.54	-10.700000000000001	4.95	-0.7000000000000001	-14.25	-5.05
17:55:00.990158	-0.05	-10.120000000000001	-0.15	0.84	-9.88	-2.96	2.18	-10.56	5.04	-1.32	-12.35	-3.92
17:55:01.000275	-0.07	-10.08	-0.26	0.93	-9.76	-2.99	1.87	-10.23	5.24	-1.67	-12.030000000000001	-3.34
17:55:01.010402	-0.21	-10.24	-0.43	0.91	-9.53	-3.0300000000000002	1.2	-10.11	4.41	-1.9000000000000001	-12.3	-2.89
17:55:01.020641	-0.32	-10.36	-0.44	0.81	-9.32	-2.88	1.07	-10.16	3.96	-1.9000000000000001	-12.3	-2.89
17:55:01.030954	-0.32	-10.36	-0.44	0.7000000000000001	-8.93	-2.46	0.79	-10.06	3.23	-1.33	-12.84	-2.18
17:55:01.041104	-0.34	-10.06	-0.46	0.65	-8.8	-2.32	0.56	-9.91	2.88	-1.2	-12.02	-1.94
17:55:01.051580	-0.35000000000000003	-9.91	-0.5	0.53	-8.59	-2.16	0.33	-9.82	2.74	-1.07	-11.39	-1.7
17:55:01.061946	-0.41000000000000003	-9.78	-0.46	0.38	-8.38	-1.8800000000000001	0.33	-9.84	2.5300000000000002	-0.84	-11.31	-1.46
17:55:01.072545	-0.41000000000000003	-9.6	-0.46	0.35000000000000003	-8.31	-1.73	0.47000000000000003	-9.8	2.42	-0.11	-11.82	-1.3
17:55:01.082636	-0.44	-9.46	-0.48	0.39	-8.19	-1.6600000000000001	0.4	-9.84	2.0	0.33	-12.17	-1.37
17:55:01.092707	-0.51	-9.43	-0.49	0.35000000000000003	-8.25	-1.6400000000000001	0.86	-9.78	1.62	0.75	-12.4	-1.5
17:55:01.103234	-0.6	-9.46	-0.46	0.38	-8.2	-1.59	0.86	-9.78	1.62	1.06	-12.42	-1.6300000000000001
17:55:01.113358	-0.5700000000000001	-9.34	-0.47000000000000003	0.39	-8.16	-1.8	0.98	-9.53	1.36	1.33	-12.05	-1.81
17:55:01.123447	-0.64	-9.36	-0.42	0.52	-8.18	-2.02	0.9500000000000001	-9.46	1.27	1.33	-12.05	-1.81
17:55:01.134760	-0.62	-9.31	-0.38	0.56	-7.95	-2.33	0.81	-9.450000000000001	1.31	1.59	-11.78	-2.0300000000000002
17:55:01.145402	-0.75	-9.290000000000001	-0.3	0.63	-7.92	-2.43	0.68	-9.51	1.12	1.85	-11.700000000000001	-2.19
17:55:01.155471	-0.74	-9.27	-0.3	0.67	-7.890000000000001	-2.49	0.48	-9.4	0.74	2.49	-11.68	-2.5300000000000002
17:55:01.165570	-0.77	-9.290000000000001	-0.27	0.78	-7.930000000000001	-2.49	0.39	-9.3	0.79	2.75	-11.370000000000001	-2.64
17:55:01.175665	-0.77	-9.35	-0.25	0.77	-7.98	-2.49	0.42	-9.21	1.1400000000000001	3.0700000000000003	-10.59	-2.7600000000000002
