Time	Pelvis_x	Pelvis_y	Pelvis_z	UppLeg_x	UppLeg_y	UppLeg_z	LowLeg_x	LowLeg_y	LowLeg_z		Foot_x	Foot_y	Foot_z
17:55:00.369236	-19.875	-35.75	-5.5625	17.25	-43.875	-14.375	15.125	-30.3125	-11.5	-7.0625	-2.375	11.8125
17:55:00.379385	-20.3125	-35.9375	-2.5	16.5	-41.625	-14.3125	17.3125	-30.25	-13.0625	-8.375	-2.25	13.1875
17:55:00.390017	-20.3125	-36.75	1.5	15.625	-38.875	-14.3125	19.9375	-29.5625	-14.375	-11.1875	-2.0	15.625
17:55:00.400186	-20.0	-37.0625	5.8125	14.8125	-36.5625	-14.0625	22.6875	-28.75	-15.1875	-13.0625	-2.875	18.75
17:55:00.410255	-19.5625	-37.4375	9.9375	14.1875	-36.1875	-14.0	25.5	-30.4375	-16.0625	-16.1875	-3.8125	22.625
17:55:00.420560	-19.5625	-37.375	13.5	12.9375	-37.6875	-13.6875	30.0625	-31.9375	-17.25	-16.1875	-3.8125	22.625
17:55:00.431090	-20.125	-37.625	16.3125	12.125	-41.5625	-13.0	34.4375	-33.9375	-18.625	-26.125	-5.6875	27.0625
17:55:00.441218	-21.4375	-39.375	17.875	9.25	-45.9375	-12.5625	38.6875	-37.6875	-20.6875	-30.125	-6.1875	27.3125
17:55:00.451345	-22.0	-42.625	18.0	5.0625	-49.0625	-12.0625	44.0625	-42.0625	-23.125	-30.125	-6.1875	27.3125
17:55:00.461932	-22.25	-47.75	18.0625	-0.625	-49.6875	-11.375	48.8125	-39.4375	-25.0625	-40.875	-7.25	25.6875
17:55:00.472196	-22.75	-51.1875	18.625	-7.3125	-46.5625	-10.9375	53.8125	-33.8125	-25.6875	-49.3125	-9.5625	26.875
17:55:00.482404	-24.0	-44.875	14.4375	-13.375	-41.5625	-10.0625	59.9375	-30.0625	-26.9375	-57.9375	-8.75	27.8125
17:55:00.492771	-24.25	-38.875	10.25	-19.5	-35.25	-8.8125	65.0625	-26.25	-30.1875	-65.75	-5.6875	25.1875
17:55:00.503269	-23.5	-33.5	6.8125	-26.3125	-28.375	-6.625	69.75	-22.4375	-34.625	-73.0625	-0.375	22.6875
17:55:00.513456	-21.6875	-27.25	5.125	-33.8125	-18.9375	-3.9375	82.125	-8.625	-42.875	-80.5625	-0.1875	17.8125
17:55:00.523540	-18.8125	-19.625	4.25	-41.625	-6.0625	-0.6875	87.75	-0.375	-45.9375	-80.5625	-0.1875	17.8125
17:55:00.533631	-14.75	-12.3125	4.875	-50.4375	8.4375	3.0	95.75	-0.875	-48.375	-91.5	-0.1875	13.3125
17:55:00.543935	-9.75	-5.9375	6.1875	-60.5	20.875	6.4375	95.75	-0.875	-48.375	-119.4375	-3.4375	10.3125
17:55:00.554090	-4.0	-0.8125	6.75	-70.8125	30.0	8.9375	107.4375	-20.875	-53.3125	-136.25	-9.5	9.0625
17:55:00.564164	1.5625	2.75	7.625	-79.625	34.6875	11.0625	112.625	-31.6875	-55.0	-136.25	-9.5	9.0625
17:55:00.574231	4.5625	3.75	8.25	-86.25	37.625	11.875	118.5625	-37.875	-57.875	-171.75	-22.875	12.875
17:55:00.584322	4.0625	2.625	8.625	-95.4375	38.625	11.5	118.1875	-40.625	-59.0625	-171.75	-22.875	12.875
17:55:00.594392	2.0	-1.0625	9.6875	-108.8125	34.25	8.375	115.75	-42.125	-58.4375	-171.75	-22.875	12.875
17:55:00.604466	0.125	-6.375	12.0625	-121.5	27.0	5.0	112.9375	-41.1875	-57.1875	-171.75	-22.875	12.875
17:55:00.614583	-1.125	-11.875	14.25	-129.5625	19.5625	3.625	109.3125	-37.875	-55.25	-171.75	-22.875	12.875
17:55:00.624677	-1.5625	-15.875	15.6875	-121.625	10.875	4.75	109.3125	-37.875	-55.25	-216.5	-45.625	13.5
17:55:00.634756	-1.875	-17.625	16.25	-112.25	-2.375	8.6875	103.0	-47.5	-56.75	-204.0625	-47.625	13.625
17:55:00.645350	-2.4375	-16.375	16.0625	-103.4375	-20.125	13.0	104.625	-49.25	-56.1875	-184.3125	-47.1875	24.4375
17:55:00.655477	-2.6875	-12.5	16.0	-98.6875	-38.75	16.0	103.0625	-39.625	-52.125	-159.1875	-49.6875	43.75
17:55:00.665549	-3.25	-6.8125	16.5625	-92.625	-50.4375	19.0625	97.125	-29.875	-46.625	-131.0	-58.3125	58.9375
17:55:00.675695	-3.5	-0.875	17.3125	-90.625	-50.1875	21.25	90.4375	-22.8125	-39.4375	-117.0	-61.9375	67.625
17:55:00.685768	-3.8125	5.0	17.75	-85.75	-39.6875	23.25	84.3125	-14.75	-31.6875	-113.5625	-65.3125	70.6875
17:55:00.695840	-3.875	11.3125	18.1875	-81.9375	-21.8125	25.0	78.0625	-12.0	-24.625	-113.8125	-70.125	71.9375
17:55:00.705914	-4.25	17.6875	18.1875	-78.3125	-2.4375	26.1875	68.4375	-15.4375	-16.625	-107.5625	-77.5	70.4375
17:55:00.716005	-4.5	24.5625	17.5	-72.75	16.0	26.8125	57.0625	-19.1875	-9.25	-90.4375	-89.9375	54.5625
17:55:00.726074	-4.9375	30.875	16.4375	-69.1875	34.0625	27.0625	45.0	-22.375	-2.0	-90.4375	-89.9375	54.5625
17:55:00.736146	-5.5625	36.0625	15.0625	-67.1875	49.875	27.0625	30.4375	-26.375	4.5625	33.1875	-77.5625	5.75
17:55:00.746218	-6.25	39.5625	14.3125	-64.75	59.8125	26.9375	11.8125	-22.0	11.8125	84.375	-65.3125	-16.6875
17:55:00.756284	-7.25	41.625	13.4375	-64.4375	67.125	27.4375	-5.25	-8.625	17.375	106.375	-54.0	-18.25
17:55:00.766413	-8.25	41.625	12.75	-63.4375	73.8125	27.4375	-19.1875	4.6875	20.625	105.125	-43.0	-13.875
17:55:00.776483	-9.0	40.4375	11.6875	-63.4375	73.8125	27.4375	-35.375	15.0	22.875	96.625	-29.625	-14.6875
17:55:00.786579	-9.8125	37.8125	10.75	-59.5625	71.125	26.9375	-51.4375	25.5625	25.0	93.375	-11.4375	-21.5625
17:55:00.796646	-10.5	34.5625	9.6875	-54.25	67.375	26.1875	-65.25	40.6875	29.0625	99.6875	11.3125	-24.9375
17:55:00.806737	-10.8125	30.4375	8.875	-51.0625	65.25	25.625	-78.5625	57.3125	34.0	112.8125	35.625	-19.625
17:55:00.816858	-10.5	25.625	8.25	-48.375	64.375	25.0	-91.9375	63.5625	38.5	132.6875	59.125	-14.3125
17:55:00.826949	-10.0625	20.625	7.5	-45.75	64.125	24.625	-105.0	57.125	42.3125	132.6875	59.125	-14.3125
17:55:00.837018	-9.1875	16.25	7.0	-44.125	62.875	24.125	-116.5625	46.3125	44.625	174.125	94.5	-24.3125
17:55:00.847086	-8.5625	13.375	6.3125	-38.0	58.5	21.9375	-130.6875	40.9375	43.5625	183.1875	100.5625	-36.5625
17:55:00.857159	-7.75	11.5625	5.5	-34.875	53.4375	20.1875	-140.125	53.25	42.4375	179.1875	97.3125	-52.1875
17:55:00.867230	-6.875	10.875	4.9375	-32.3125	46.125	18.6875	-147.3125	73.125	42.625	168.375	86.75	-74.1875
17:55:00.877302	-6.0	11.125	3.125	-30.375	38.0625	16.6875	-155.0	80.8125	42.375	153.0625	74.1875	-97.5
17:55:00.887966	-5.0625	11.6875	2.25	-28.5	31.0	14.5	-159.8125	70.25	42.1875	140.1875	63.125	-111.9375
17:55:00.898032	-3.9375	12.75	1.25	-29.0625	26.875	12.875	-160.75	38.125	43.5625	138.375	45.625	-90.0
17:55:00.908163	-2.6875	14.25	1.25	-30.5	25.5	11.8125	-161.4375	0.9375	46.0	139.625	32.5625	-72.8125
17:55:00.918253	-1.8125	15.875	1.3125	-33.5	26.6875	11.4375	-163.0	-25.625	48.1875	139.625	32.5625	-72.8125
17:55:00.928854	-0.9375	17.875	1.3125	-36.75	29.125	11.6875	-161.875	-29.875	49.9375	139.0625	13.75	-68.9375
17:55:00.939032	-0.4375	19.0625	1.5625	-39.1875	30.25	12.0	-158.625	-17.125	52.4375	136.6875	-23.5	-79.4375
17:55:00.949107	0.5	18.75	1.375	-40.4375	28.75	12.6875	-153.75	-6.0625	54.375	136.5625	-32.5	-75.0625
17:55:00.959213	0.4375	18.0	0.875	-40.25	25.1875	13.1875	-149.4375	-2.875	55.0625	134.125	-34.4375	-65.4375
17:55:00.969576	0.625	17.0625	0.1875	-38.625	20.4375	13.0625	-145.75	-7.1875	55.5	128.6875	-31.4375	-57.75
17:55:00.980049	0.5	16.0625	-0.5625	-37.4375	16.1875	13.25	-141.4375	-13.1875	56.0	123.75	-24.6875	-54.9375
17:55:00.990158	0.1875	16.0	-0.8125	-37.25	13.875	12.75	-137.25	-14.0625	56.3125	123.25	-14.625	-53.875
17:55:01.000275	-0.1875	15.5	0.0	-36.0625	12.25	12.1875	-133.8125	-8.8125	56.0625	126.0	-1.125	-51.75
17:55:01.010402	-0.5625	15.6875	0.5625	-33.9375	10.625	12.375	-132.0625	-1.75	54.875	127.5	14.4375	-49.5625
17:55:01.020641	-0.5625	15.6875	0.5625	-30.5625	10.125	12.8125	-132.0	4.9375	54.0	127.5	14.4375	-49.5625
17:55:01.030954	-1.375	16.125	0.75	-26.25	11.3125	13.625	-132.5	11.0625	52.75	120.8125	44.6875	-44.875
17:55:01.041104	-2.9375	16.3125	-0.9375	-22.3125	13.375	14.6875	-132.0625	18.875	51.125	120.0	58.6875	-44.75
17:55:01.051580	-3.375	15.75	-1.8125	-19.0625	15.4375	15.6875	-131.8125	28.9375	49.125	122.9375	71.875	-44.3125
17:55:01.061946	-3.5625	15.375	-2.25	-16.125	17.9375	16.5625	-131.5625	39.1875	47.4375	127.1875	84.125	-42.1875
17:55:01.072545	-3.875	15.4375	-2.4375	-13.0	20.6875	16.75	-131.5	48.125	45.6875	129.125	94.5	-39.375
17:55:01.082636	-3.875	15.3125	-2.4375	-10.5625	22.1875	16.8125	-132.25	57.5625	44.125	127.5625	101.8125	-37.5625
17:55:01.092707	-3.75	15.25	-2.1875	-8.4375	24.1875	17.0625	-133.4375	64.1875	39.25	122.375	106.9375	-37.0
17:55:01.103234	-3.3125	15.375	-2.375	-6.875	26.5	16.5625	-133.4375	64.1875	39.25	115.375	108.9375	-36.75
17:55:01.113358	-2.5625	14.875	-2.4375	-4.5	26.5	16.625	-134.125	58.5	35.25	108.5625	109.25	-36.0
17:55:01.123447	-1.3125	14.3125	-2.5625	-2.6875	25.6875	16.4375	-133.0	53.9375	33.9375	108.5625	109.25	-36.0
17:55:01.134760	-0.0625	13.0	-2.875	-0.25	24.6875	16.0625	-131.25	50.625	32.8125	98.625	105.3125	-31.4375
17:55:01.145402	1.25	12.0	-3.0625	2.125	23.875	15.1875	-128.875	48.1875	31.8125	94.875	100.8125	-29.25
17:55:01.155471	2.5	10.875	-3.5	4.0	22.6875	14.4375	-124.75	43.6875	31.0	91.5	94.3125	-27.1875
17:55:01.165570	3.5625	10.125	-3.8125	6.125	21.75	14.0	-120.5625	41.0625	30.25	89.625	86.25	-26.1875
17:55:01.175665	4.5	9.5625	-4.125	8.125	21.4375	13.0625	-115.75	41.0625	29.4375	91.8125	77.0	-28.4375
