Time	Pelvis_w	Pelvis_x	Pelvis_y	Pelvis_z	UppLeg_w	UppLeg_x	UppLeg_y	UppLeg_z	LowLeg_w	LowLeg_x	LowLeg_y	LowLeg_z	Foot_w	Foot_x	Foot_y	Foot_z
17:55:00.369236	-0.5289449994527425	0.47321839150209016	0.4876841155812847	-0.5083755943274744	0.24071676429307653	-0.20470690350886886	0.7157417583328876	-0.6227874905797548	0.2869257591406698	-0.3493646129166547	0.7081896582236102	-0.5422963986311107	-0.2913832546727397	0.31121977703734804	-0.5330226148003845	0.7308385193656022
17:55:00.379385	-0.5266783916526269	0.4727226959496576	0.49030102215152993	-0.5086728144666812	0.24352559004437282	-0.20794277826595947	0.7138534589370888	-0.6227907570959349	0.2870479297533541	-0.35125682239646033	0.7069692048337445	-0.5426017638756789	-0.2927902070841897	0.306157114599603	-0.527840256590384	0.7361564910657519
17:55:00.390017	-0.5242396604025366	0.4722978801018544	0.4927449969064707	-0.5092247626892958	0.24616095953630981	-0.2116752312600849	0.7123591764810989	-0.6222079894651976	0.2908360895171633	-0.3562665801703425	0.7016687691687952	-0.5441961330818527	-0.2924827465324196	0.303896409637921	-0.5235026120635566	0.7403011754365021
17:55:00.400186	-0.5215532645394939	0.4719919712912705	0.49506360780337455	-0.5100174462834419	0.24854057551863853	-0.21576398193968252	0.7113192207991683	-0.621046256361038	0.29376351861790956	-0.3593155691052636	0.6979401278611668	-0.5454125913919883	-0.2899104944357905	0.3071220227370311	-0.5213506196780047	0.7414994940842986
17:55:00.410255	-0.5187258836965143	0.47191299361588995	0.4971809681835281	-0.5109135630572446	0.2504890459630136	-0.21984930398605626	0.7105124230154584	-0.6197528685936744	0.2971130248862396	-0.36223619611746755	0.6935282049676131	-0.5472909807220441	-0.28600636852098293	0.3153027955141694	-0.5198284764603525	0.7406502949214955
17:55:00.420560	-0.5156966263975813	0.4719335205712036	0.49915575934186535	-0.5120344418095999	0.2520151431127243	-0.22326747239194614	0.7095974942670218	-0.6189599337142498	0.3000397120165963	-0.36473501200390146	0.6890659781666746	-0.5496659166845945	-0.2789852956378033	0.33519738430164414	-0.51359905114682	0.7389356758448663
17:55:00.431090	-0.5125250730423407	0.4721187852783739	0.5010501756108819	-0.5131964766154581	0.25335349388219236	-0.22594908078821396	0.7081202688559856	-0.6191322192100601	0.3015128654019988	-0.365843748020158	0.6856671113210636	-0.552366686617022	-0.2789852956378033	0.33519738430164414	-0.51359905114682	0.7389356758448663
17:55:00.441218	-0.5092081660085294	0.47228248694402497	0.5030437138010666	-0.5143960713316416	0.25487935207228024	-0.228085282254337	0.705923033062259	-0.6202308371069234	0.30243374698981024	-0.3670709494241612	0.6841533541894618	-0.5529257949506944	-0.2645334434054647	0.3589573559454402	-0.5086195625052462	0.7365309325273979
17:55:00.451345	-0.505683597637147	0.4723579193861051	0.5051953093111244	-0.5156935083206101	0.25830524907128355	-0.23120517095510917	0.6989256633070103	-0.6255601365150248	0.3032797037859358	-0.3691357714826604	0.6842561398961815	-0.5509571113052208	-0.2584208664976801	0.37035848320924014	-0.5111044723787371	0.7313176245572042
17:55:00.461932	-0.5018389729996744	0.4722364551323864	0.50757636821519	-0.5172200750668013	0.25830524907128355	-0.23120517095510917	0.6989256633070103	-0.6255601365150248	0.304320190527542	-0.3718858645977363	0.6845068064112281	-0.5482157944882435	-0.2557455644830168	0.38123789874962355	-0.5179000273599994	0.7218250705432354
17:55:00.472196	-0.4978731072159998	0.47199371559413095	0.5100803674149945	-0.5188085584572757	0.25982838550819043	-0.2311416715808121	0.6901901299804128	-0.6345867334105371	0.30589885657991445	-0.37474440929782016	0.6838169970313969	-0.5462479581784186	-0.25665167754067625	0.3909894521582811	-0.5259375755928674	0.7103849880846447
17:55:00.482404	-0.49406633628916435	0.4717891018548784	0.5125594925455716	-0.5201886824203271	0.2592755095569376	-0.22979573763697508	0.6871899628299343	-0.6385452874257724	0.30835155240555934	-0.37707757140964876	0.6821942401498291	-0.545291522009356	-0.25853997862430367	0.39855195005115746	-0.5331318964313722	0.7000598571342689
17:55:00.492771	-0.4906685104317921	0.47168631031432884	0.514960843701086	-0.5211254810382686	0.2587822733437493	-0.22838756293686555	0.6854678565857661	-0.6410964620761186	0.3104334128765267	-0.37781809392561944	0.6806829375538784	-0.5454863175142586	-0.260065186055318	0.40465434957680313	-0.5400884373160076	0.6905978831767009
17:55:00.503269	-0.4876817927380441	0.47162918804591575	0.5172845048128816	-0.5216791342343008	0.2584797447855994	-0.2273523138905213	0.685291753117523	-0.6417743840426393	0.3120751749689609	-0.37744433444319464	0.6792655236122758	-0.5465740645114502	-0.26025819164021996	0.40930849745293507	-0.5474943665602189	0.6818959936689817
17:55:00.513456	-0.48510728724119107	0.47155748631422273	0.5194700706730973	-0.5219725113848347	0.2579331318854474	-0.22662227134185195	0.6867027134034949	-0.6407434970500301	0.31279591737992773	-0.3763926678013686	0.6779584488304853	-0.5485067140474947	-0.2594677127801593	0.4120598750832405	-0.5551913233235307	0.6742742467848553
17:55:00.523540	-0.4829809685988287	0.47162819971731956	0.5213118226718813	-0.5220442593739141	0.2568970712289341	-0.22558602405847958	0.6889040729296696	-0.6391604014990254	0.3122646119887695	-0.3744001426776997	0.6766547084651091	-0.5517732784164339	-0.25879498736113554	0.41321746802709614	-0.5630011706177156	0.6673126407592677
17:55:00.533631	-0.4813226137181149	0.47186217685198406	0.5227043956228679	-0.5219719747041996	0.25628031334581636	-0.22423764497083337	0.6907178628565382	-0.6379237521053758	0.3110891679874803	-0.3719398449510899	0.67527772309466	-0.5557735851861871	-0.2586686192577231	0.4135157846793473	-0.5700109096856715	0.6611980067057371
17:55:00.543935	-0.4800859862594123	0.47221272256408253	0.5236025522653824	-0.5218936268121326	0.25659382192848923	-0.2229631854197838	0.6918389561273609	-0.6370289532511042	0.3095044889964168	-0.36956215359363115	0.6735735635110345	-0.560294066059378	-0.25951858114473525	0.4141189024146351	-0.574822671030366	0.6563036930972103
17:55:00.554090	-0.4793030701454124	0.47271135595011066	0.5239192097450937	-0.5218440404613875	0.2571928261188944	-0.22167165269668354	0.6921135852368918	-0.6369398038388187	0.3078559689282583	-0.36785248309488755	0.6711308949911039	-0.5652367423165345	-0.2607958813147987	0.41612598146601865	-0.5767659907383215	0.6528136547023372
17:55:00.564164	-0.4788910334796917	0.47309258227136	0.5238137712621354	-0.5219826814068727	0.25732649786940964	-0.220399901282362	0.6916565165692955	-0.6378230319580955	0.30749705712463293	-0.36792224302248655	0.6677288219419382	-0.5694005648899764	-0.26080380219832383	0.41803071407824005	-0.5787366375952507	0.6498427526341104
17:55:00.574231	-0.4787462390975833	0.4734973639621432	0.5233006443170167	-0.5222630759762902	0.25683844049511206	-0.21948456084135526	0.6904364160838183	-0.6396546711950509	0.3104326813810218	-0.3707979825776067	0.6629806891782657	-0.5714866684566472	-0.26007515000965564	0.41968475274968137	-0.5804540428518716	0.6475328013265517
17:55:00.584322	-0.4786912167459267	0.4738084808872407	0.5226358394741005	-0.5226968736723341	0.2554938712425867	-0.218811640803792	0.6886005387861595	-0.6423967976178273	0.315186246675296	-0.37512290318868496	0.6577163040613845	-0.5721448250066276	-0.2592124156392869	0.4210752190947587	-0.5819614747164117	0.645620186633477
17:55:00.594392	-0.47851263470040034	0.47417916568716967	0.5220304291572098	-0.5231290551042259	0.2525073728815805	-0.2177776907037658	0.6864758092335352	-0.646191819361202	0.3181107341611078	-0.37749710107184414	0.6536162417750006	-0.5736613181850061	-0.2587823668506855	0.4224133870220742	-0.5834199633787035	0.6435990703869054
17:55:00.604466	-0.4780207077719156	0.4744807178522563	0.5216602386780596	-0.5236743708737277	0.24786438172417888	-0.2158818808565429	0.6844499326902098	-0.6507584432265933	0.31683836493006867	-0.376592701140151	0.6516213415514184	-0.5772183427362086	-0.2586071757184271	0.42389115774474306	-0.58435333970456	0.6418487278392683
17:55:00.614583	-0.477105682786078	0.4747253422937335	0.5214776709382436	-0.5244683551465739	0.2422460651990014	-0.21313259251068606	0.6826102275599979	-0.6556939980934422	0.31219346640601975	-0.3734724967621573	0.6509981451977725	-0.582455962837272	-0.25829862392285285	0.4252894167047351	-0.5849560519084646	0.6404975802094561
17:55:00.624677	-0.47582789251787944	0.4748513345034764	0.5215430145671216	-0.5254492466247337	0.23620363754007073	-0.20971465079785093	0.6808402007130463	-0.6608208743272211	0.3065803624759486	-0.36999604963750754	0.6508195112643919	-0.587831071273315	-0.2578742138608241	0.42651479442826956	-0.5855117949270735	0.6393449444241734
17:55:00.634756	-0.47437510685664064	0.47492443469525486	0.5216783374039767	-0.5265612515249921	0.23058437751992852	-0.20592686335421884	0.6789361078696889	-0.6659359828268767	0.30199402355801447	-0.3675440601993458	0.6504956150123925	-0.5920865041504241	-0.25720585561032194	0.4278015761681886	-0.5861900895305012	0.6381317561475833
17:55:00.645350	-0.47137201206281765	0.47503410201798646	0.5220919579419062	-0.5287447546937963	0.22608104965856193	-0.20221558248348154	0.6767172239644914	-0.6708576719215049	0.29931936226616646	-0.3663976614363371	0.649908762114629	-0.5947934717136607	-0.2564097512036818	0.42920099273132367	-0.5869164883538692	0.6368434525254026
17:55:00.655477	-0.47009317884824364	0.475342206812532	0.5220951768200307	-0.5296025075131408	0.22320722527827755	-0.19922023060112057	0.6741383109648825	-0.6752979875523278	0.2981567455009329	-0.3662109463675737	0.6489868321210684	-0.5964965964750496	-0.2559193671672897	0.4301129931857597	-0.5874609847329271	0.6359227012916745
17:55:00.665549	-0.4690084040475154	0.47596662347247853	0.5218664568722354	-0.5302285275846911	0.22192409391939238	-0.1970827555736298	0.6713875228584478	-0.6790779617566446	0.2973052087999738	-0.3660314796085902	0.6479556757586783	-0.5981504919400007	-0.2557953034084419	0.43041481260709435	-0.5877615776242653	0.635490503242352
17:55:00.675695	-0.46807382681934073	0.47692383397657173	0.5213569733590832	-0.5306952567732648	0.22155287767279205	-0.19555245731780324	0.668625833307283	-0.6823584496919601	0.2955901377469694	-0.3652305150274344	0.647454094821361	-0.6000302796180995	-0.25585178397109914	0.43052921854297077	-0.5879952497083897	0.6351740257126023
17:55:00.685768	-0.4674106063219418	0.4782139070948569	0.5205115762227108	-0.5309486634101034	0.2214334244077263	-0.19433407478340697	0.6659482066462794	-0.6853572002961297	0.2933444738576211	-0.3639644397863076	0.6472377862642975	-0.6021313430306766	-0.2561139608351956	0.43043747659909426	-0.5880977151208555	0.6350356645684879
17:55:00.695840	-0.4669584217831132	0.4797752128659068	0.5194462328840774	-0.5309813448585917	0.22101119439649414	-0.19311776279218654	0.6633997989217052	-0.6883024687128595	0.29095068845904754	-0.3626660354150746	0.6470250153879511	-0.6043009789035094	-0.25646711781656883	0.43023244014492945	-0.5881287832652207	0.6350033064644411
17:55:00.705914	-0.4667900358447362	0.4816213615129202	0.5181198501942947	-0.5307539424301552	0.21990497107920418	-0.19182939886259748	0.6611797257010876	-0.691147347349683	0.28924050029592085	-0.3618710542845568	0.64641193049886	-0.6062515065286731	-0.25695617471143833	0.42992857355519515	-0.5880695352362727	0.6350662702785074
17:55:00.716005	-0.46703265493610935	0.48369495430850323	0.5165312805442098	-0.5302029107984817	0.2182009648441616	-0.1904909681898261	0.6593636428563574	-0.6937875153520517	0.2881512637930139	-0.3613335059637031	0.6455174255189399	-0.608041281488245	-0.25732867399366705	0.4295728670700732	-0.5880839122222442	0.6351428324426232
17:55:00.726074	-0.4675280951188094	0.48608273492509113	0.5147691846255925	-0.5292955144739314	0.2160638723899632	-0.18914744082951862	0.65814032089858	-0.6959820160629238	0.2871171334097735	-0.36048337370708383	0.6444876300326953	-0.6101239084957687	-0.25768687594593753	0.42931536840448237	-0.5880045861826533	0.6352451456289242
17:55:00.736146	-0.46825624314042447	0.48858071250509616	0.5128724206346438	-0.5281920657113182	0.2133199364736634	-0.1877459583957049	0.6572939616265755	-0.6980048050108196	0.2853940770254285	-0.3588177456870176	0.64366251845812	-0.6127794126037858	-0.25780583057763856	0.42918811567754606	-0.588119551005238	0.6351764391149348
17:55:00.746218	-0.4691822178508706	0.4911551069397627	0.5108696713167409	-0.526922087512237	0.20984196243948544	-0.18585479221298232	0.6568700406555388	-0.699961496584066	0.2834451860068517	-0.35662580142937866	0.6428785840245842	-0.6157791734761255	-0.25794328979020004	0.4290916533897554	-0.5881546475197273	0.6351533065681073
17:55:00.756284	-0.4701505728058733	0.49370998097192126	0.5089686650172891	-0.5255090785224678	0.2056297965810824	-0.1834127452437378	0.6568068391240807	-0.7019123362073161	0.28149459206878785	-0.3541875797430998	0.6420298382418863	-0.6189585121790064	-0.25775503397768207	0.42926619795525406	-0.5883870536454784	0.6348964867240939
17:55:00.766413	-0.4711282895620276	0.49627466283571015	0.5071388726481264	-0.5239845013460303	0.20068452788852603	-0.18054283257124695	0.6570465154257855	-0.7038606981783705	0.2798406501179617	-0.35186070838169015	0.6409174845995019	-0.6221800626613962	-0.25762902311101527	0.42938170518502544	-0.588500128129924	0.63476470986841
17:55:00.776483	-0.472052155333384	0.4987859081179744	0.5053777923662296	-0.5224678626394837	0.1954917042009161	-0.17736462454194887	0.657335514905984	-0.7058574958113003	0.27801507354185895	-0.3493041198419448	0.6397703624293667	-0.6256102093971578	-0.25731603598812336	0.4295517697543672	-0.5886653622166627	0.6346233733881657
17:55:00.786579	-0.47289357919299657	0.5012134837807032	0.5037769234201076	-0.5209275552932661	0.19012565558350622	-0.1741343484365147	0.6577188008243542	-0.70776793006303	0.27618508878201964	-0.346497845086304	0.6386742030972494	-0.6290916486356413	-0.25707777824430583	0.42974469055511805	-0.588678815566555	0.6345768424515782
17:55:00.796646	-0.4735725941669203	0.5034188370522952	0.5024422728679067	-0.519471110833182	0.1849337212286437	-0.1709568822314954	0.6580100490316858	-0.7096450088202774	0.2744107135980864	-0.3436237361114827	0.6374433925307861	-0.632682708442563	-0.25677645246497244	0.42999527159870005	-0.5887486713755941	0.6344642793851649
17:55:00.806737	-0.47406107670256564	0.5054942496782089	0.501282814852346	-0.5181285541557976	0.18024137058310408	-0.1679119574920824	0.6582197563048406	-0.7113827206725628	0.27282417410763593	-0.34093866589826716	0.6361014636576693	-0.6361624981485211	-0.2565381162515745	0.4301881140473703	-0.5887619960415627	0.6344176017889284
17:55:00.816858	-0.4743746420683273	0.507273243724893	0.500376134286689	-0.5169780260317463	0.17614583817626808	-0.16522064585694998	0.6583191304813678	-0.7129450920779582	0.2714933735004609	-0.33845115918616353	0.6346645903007626	-0.6394865274650019	-0.25634684596227464	0.4303575263999997	-0.5887432562266908	0.6343974087933054
17:55:00.826949	-0.4745323780251854	0.5087719489669383	0.499678016577774	-0.5160348882576132	0.17284893213765581	-0.16290035306334866	0.658254143045416	-0.7143445980717245	0.2705723800774504	-0.33630810156254265	0.6331259414715527	-0.6425254782484368	-0.2561669107663947	0.4305459586719438	-0.5888726125980881	0.6342221514828704
17:55:00.837018	-0.47460907973463967	0.5100704834545247	0.49914519728264956	-0.5151974333899297	0.17040924305826677	-0.16100987936522485	0.6579554585129355	-0.7156333720838746	0.27002199875931954	-0.3345977841768964	0.6315365328125405	-0.6452085327497212	-0.25609465048331514	0.4305881218207313	-0.588968869676833	0.6341333218593052
17:55:00.847086	-0.47460769889017906	0.5112286633107176	0.4986554655263327	-0.514524550108566	0.16870342998013135	-0.15954803399712858	0.6575405394992602	-0.7167454335226782	0.2698339147791904	-0.33306574823570273	0.6299379856222628	-0.647638016223024	-0.25609853510036246	0.43065568724217285	-0.5890388375246897	0.6340208728843101
17:55:00.857159	-0.47454354202500565	0.5122628872303373	0.49822494322188055	-0.513971854327019	0.167482394491816	-0.15851012335832587	0.6571730836346148	-0.7175985831050585	0.2700133044343897	-0.3320235931562116	0.6282814095496401	-0.6497042553580648	-0.256111622657258	0.4307387323861463	-0.5890689395293607	0.6339311994562159
17:55:00.867230	-0.47454125100298417	0.5132369620172468	0.4978563324027449	-0.5133590305062508	0.16675041208675812	-0.15771708083169214	0.6567475966520927	-0.7183329428437248	0.2708126745272689	-0.331664654807568	0.6264030828653057	-0.6513664328499017	-0.255924083123376	0.4310974956118303	-0.5894249632059246	0.633431942440829
17:55:00.877302	-0.4746770758472407	0.5140453044600053	0.4974435088279558	-0.5128245841929429	0.1661990007233724	-0.15704371239854467	0.6561900318681515	-0.7191173802874673	0.27221027754650184	-0.3320843318678288	0.6242526275214396	-0.6526332954719157	-0.25598342835754584	0.43127775507258437	-0.5896652125327254	0.6330615448079316
17:55:00.887966	-0.4748744951972353	0.5148542888160257	0.4970312357829161	-0.5122296611433417	0.16577202164341712	-0.15637257711724398	0.655519702669477	-0.7199730365632357	0.27361626022735414	-0.33263631903615437	0.6221214678780773	-0.6537982109202358	-0.25598342835754584	0.43127775507258437	-0.5896652125327254	0.6330615448079316
17:55:00.898032	-0.47522795793237704	0.5156339312371848	0.496590632640357	-0.511544504935943	0.16522376767788466	-0.15576322686145608	0.6547914959912621	-0.7208932102118565	0.27484729327231494	-0.3330150637561071	0.6201917270575155	-0.6549214871889716	-0.2560442918160187	0.4313385006588329	-0.589725851615345	0.6329390479456767
17:55:00.908163	-0.4757035615494172	0.5164136302629739	0.4959670440275294	-0.5109205175430037	0.16461165144848802	-0.15502914151989602	0.6540520789477189	-0.7218620695889018	0.27557390396298626	-0.3330080221532787	0.6185306628484835	-0.6561893779636911	-0.2561615057047221	0.4313913562832919	-0.5897146695542115	0.6328660120686833
17:55:00.918253	-0.4763312129366917	0.5172258711462744	0.4952526219590359	-0.5102066387670177	0.16388429735800739	-0.1541183801970088	0.6532788210885486	-0.7229220178429197	0.2757583927848338	-0.3320331245572147	0.6158482034526279	-0.6591223735465738	-0.25616285121245475	0.4313936221991018	-0.5898398365778325	0.6327472667427969
17:55:00.928854	-0.47698930186305216	0.5181269588631414	0.49444534029335707	-0.5094599747473956	0.1630833779838686	-0.15313480365326584	0.6523945461338218	-0.7241097291918478	0.2757583927848338	-0.3320331245572147	0.6158482034526279	-0.6591223735465738	-0.25609974621738907	0.43145116921132587	-0.5898961027624083	0.6326811175618339
17:55:00.939032	-0.4777843084350181	0.5189831342134593	0.4935314151770001	-0.5087292042419361	0.16247460631892988	-0.152098692316594	0.6514242949819454	-0.7253374235515262	0.2756316492806132	-0.33141715137150785	0.6146781089249458	-0.6605760274942596	-0.25603730417637516	0.43150983087651307	-0.5900149271687768	0.6325555710331232
17:55:00.949107	-0.47859319593488264	0.5197933499019846	0.4926317669162655	-0.5080131577306501	0.16192313467567762	-0.15112012116734932	0.6504390675607601	-0.7265484339160446	0.2755721890535778	-0.3308086964939959	0.613582993700026	-0.6619225670622483	-0.25598093370484676	0.43151769224922903	-0.5900867112681112	0.6325060600818615
17:55:00.959213	-0.4793572519608639	0.5205548767474163	0.49180808967413303	-0.5073106032975172	0.16137534830961264	-0.15032809488902268	0.6495907080405474	-0.7275928620268125	0.27556344715756803	-0.3301268406811263	0.6125259702488045	-0.6632442924166758	-0.2559191350229444	0.4315774394818125	-0.5902680550457656	0.6323210681702132
17:55:00.969576	-0.4801041344314793	0.5212419664435334	0.4910904990637786	-0.5065934802671342	0.16088666466594145	-0.14959530162982643	0.6488566510104793	-0.7285065362111826	0.27606575623987395	-0.32922809842093304	0.6103598413439619	-0.6654753350173217	-0.2559191350229444	0.4315774394818125	-0.5902680550457656	0.6323210681702132
17:55:00.980049	-0.4808830702112601	0.5218365592468935	0.4904042986606771	-0.5059068116488304	0.16034000683997804	-0.14898742165831227	0.6479518510137825	-0.7295561864325304	0.27655451185764485	-0.3288624387307416	0.6092011880051099	-0.6665140740422604	-0.2558658852660254	0.4316516079678749	-0.5903470520737112	0.6322182346339434
17:55:00.990158	-0.4816290190287756	0.5224615895179723	0.4897467049406787	-0.5051886187430206	0.15978560512342083	-0.14831131415199109	0.6468936702456598	-0.7307536478772795	0.27704804943171196	-0.32844140867857285	0.6080530223482518	-0.6675643350153413	-0.25580275580362327	0.431709112812939	-0.5904032586228699	0.6321520262128671
17:55:01.000275	-0.482374095474951	0.5230856634468342	0.48908814716446697	-0.5044694292168126	0.15911860699738675	-0.14758296575361762	0.645751769095647	-0.7320554554379196	0.2775969363002618	-0.32789154393249914	0.6068923345720103	-0.6686619254989814	-0.25579666605079954	0.4317598701129458	-0.5904502379802994	0.6320759421670437
17:55:01.010402	-0.48302680495531963	0.5237367972354812	0.48845887289075346	-0.5037785251581006	0.1582642202934382	-0.14666753619943385	0.6447146004471993	-0.7333376809971692	0.27801595543301244	-0.32714940090470834	0.6057757096976176	-0.6698628124867863	-0.25549316073124834	0.4319457951493178	-0.5906371993302174	0.6318969644172513
17:55:01.020641	-0.4836456437620184	0.5244784221159798	0.48779606069485754	-0.5030549464773543	0.15717046616119093	-0.145512384981856	0.6437580219813906	-0.7346422255208133	0.27796022702694223	-0.3258128440645186	0.6047496551126359	-0.671462551059155	-0.25536622830430933	0.4320596391410625	-0.5906869879371667	0.6318238994756716
17:55:01.030954	-0.48418694059316303	0.525263180479612	0.4871776326502745	-0.502314196531165	0.15576432359179562	-0.1441064137931934	0.6428940518778932	-0.7359742217358431	0.2777079735878541	-0.3241553951044161	0.6038775144347756	-0.6731519210330644	-0.25536622830430933	0.4320596391410625	-0.5906869879371667	0.6318238994756716
17:55:01.041104	-0.4846791773017162	0.5261829980503835	0.48657126324761135	-0.5014638106927214	0.1541717558627064	-0.14245323760235817	0.6421381802975195	-0.7372901072135761	0.2774080234136989	-0.32226938693604623	0.603034383130329	-0.6749346365035604	-0.254826491149683	0.43250311767344995	-0.5908312417554326	0.6316034803393819
17:55:01.051580	-0.48515675639001155	0.5270258638102591	0.4860112279700166	-0.5006593121986747	0.15240283241054467	-0.1406842325615961	0.6414712729815076	-0.7385769623548263	0.2772240875317418	-0.3203152821150553	0.6021780818115731	-0.6767026548798815	-0.25439282257587187	0.43291945550159766	-0.5911215179096255	0.6312213462283269
17:55:01.061946	-0.48578884350865836	0.5277208620399372	0.485544697840354	-0.49976618301908465	0.15064033711300878	-0.1389211536747196	0.6408928442814393	-0.7397734545420043	0.2772851480097764	-0.3186063113825738	0.6012015645820598	-0.6783506790624377	-0.2540277137176317	0.4332265045573642	-0.5912461467522101	0.6310409736008155
17:55:01.072545	-0.4864378521986558	0.5283679405876742	0.48515614644003957	-0.49882767453194654	0.14727955867159376	-0.13580481477177625	0.6403883670047086	-0.7414637707179946	0.27795894401641436	-0.31744937809164936	0.600047074796963	-0.6796383051433408	-0.2540277137176317	0.4332265045573642	-0.5912461467522101	0.6310409736008155
17:55:01.082636	-0.4870537464890703	0.529045347690133	0.4847344429343604	-0.4979178526137638	0.14727955867159376	-0.13580481477177625	0.6403883670047086	-0.7414637707179946	0.2789396994559794	-0.3165996107392046	0.5987132411299129	-0.6808081854993423	-0.25365337598707866	0.433517788651641	-0.5914103015675631	0.6308376550054007
17:55:01.092707	-0.4876078188365341	0.5297219000728851	0.48437296911837957	-0.4970071934892849	0.14471475117196358	-0.1332401104210867	0.639467080568816	-0.7432271299118518	0.2802748011044438	-0.31604157668092553	0.5972929450366044	-0.6817660122684315	-0.25274828155406576	0.4344511635116735	-0.5918008543704955	0.6301922258019147
17:55:01.103234	-0.4882684548219956	0.5303816090503928	0.4839350722854504	-0.49608075009914754	0.1437387519961731	-0.13208095937143038	0.6388592429485961	-0.7441455899521624	0.281865678947555	-0.31574083092154653	0.595714384263347	-0.6826300895083272	-0.25274828155406576	0.4344511635116735	-0.5918008543704955	0.6301922258019147
17:55:01.113358	-0.48889752350719773	0.5310122914497654	0.4835263646971312	-0.49518422075079843	0.14301025227566222	-0.13104695332302466	0.6381443395399268	-0.7450815832390135	0.28338698318297917	-0.31543052532621935	0.5941177889948567	-0.6835345304040887	-0.2523225666516036	0.4348810564568639	-0.5919875602210699	0.629890877562784
17:55:01.123447	-0.4895733001701205	0.5315663721707492	0.48310343733281436	-0.49433414263530806	0.14252105330846007	-0.1301305720144055	0.6375909733876547	-0.7458093149362199	0.284790253369707	-0.3149416432463969	0.5926518131632779	-0.6844487572412974	-0.2520080551932273	0.43523115562676284	-0.5921487409747375	0.6296234190780655
17:55:01.134760	-0.49024909992787585	0.5320594377578802	0.4826194762362692	-0.49360613435218276	0.1420317586745868	-0.12915307320817604	0.636976120983235	-0.7465975385077549	0.2859527137345737	-0.31439539561297525	0.5913148112402454	-0.6853709759926421	-0.2516398625955149	0.43565494523569864	-0.5923881897531088	0.6292522394760511
17:55:01.145402	-0.4916843073768521	0.5326376552231614	0.48173587861537903	-0.4924167070402734	0.14160241021124403	-0.12799148888490464	0.6361732420826709	-0.74756306908074	0.2869297354492782	-0.3136634568121337	0.5900950185755417	-0.6863486226605261	-0.2513415454565301	0.43597199106265044	-0.5925874368230818	0.6289642122218413
17:55:01.155471	-0.49242686653618545	0.5327707136829899	0.4813185757937975	-0.49193859002003654	0.14123827437584233	-0.1266505701511983	0.6351449797558407	-0.7487337561661443	0.28754202041462684	-0.31262794068429606	0.5890613540695316	-0.6874518734727112	-0.2510340505636231	0.4362731323678041	-0.5928260960672189	0.6286532265512565
17:55:01.165570	-0.49316990115949355	0.5328432224161359	0.4808406536305062	-0.4915829683092278	0.14093142373665207	-0.1252452496784799	0.6339167461796745	-0.750067677046218	0.2879689671717312	-0.31140688226158814	0.5881451817860962	-0.6886108282389724	-0.25054634134575143	0.4365792885861534	-0.593193639839064	0.628288437956922
17:55:01.175665	-0.4933971620962346	0.5333742948489602	0.4798476606136314	-0.4917492497537558	0.1408675429642106	-0.12383892750189919	0.6325611851304501	-0.7514563210465169	0.28814905620865594	-0.3100608357424216	0.5873455555805753	-0.6898243239293009	-0.25036911677386575	0.4366505756704621	-0.5933296402142245	0.6281811189265301
