Time	Pelvis_w	Pelvis_x	Pelvis_y	Pelvis_z	UppLeg_w	UppLeg_x	UppLeg_y	UppLeg_z	LowLeg_w	LowLeg_x	LowLeg_y	LowLeg_z	Foot_w	Foot_x	Foot_y	Foot_z
17:55:00.369236	-0.4572684507908963	0.46532496914439314	-0.4887621134454748	0.5792148422324621	-0.3039027542369715	0.16754630656366476	0.596940939232292	-0.7233483712517271	0.796954277685305	-0.5971206018683725	0.031433824998692815	-0.08557324786051909	-0.2139942678165397	0.21576432878821106	0.7447073763917859	-0.5941911572144934
17:55:00.379385	-0.45781968859191857	0.46801244795665	-0.4882758977116849	0.5770200421207836	-0.3029066732640896	0.16381251481781514	0.5972076965321613	-0.7244004241328792	0.7978319806922294	-0.5961767738220392	0.028624785720980383	-0.0849588522891358	-0.212156538665601	0.21740552092257504	0.7451113417806838	-0.5937453418121308
17:55:00.390017	-0.45860235028167623	0.4705037953581903	-0.4878982150854032	0.5746872145664444	-0.3020671102381282	0.16034154346242935	0.5974202616712061	-0.7253516949019835	0.7987817408068784	-0.595103688612139	0.02575730836864848	-0.08447420564504621	-0.2110647759272945	0.21845021198490083	0.7454407485251728	-0.5933373877354626
17:55:00.400186	-0.45960035184844206	0.472845142864526	-0.487676867366408	0.5721505575335054	-0.30126207429513674	0.1569785362818257	0.5976414569485371	-0.7262393480627699	0.7998679291569385	-0.5938126732367688	0.02288824673283876	-0.08410667732760482	-0.2097182043217601	0.2197280371240793	0.7457935793386458	-0.5928994868398073
17:55:00.410255	-0.46087756967198684	0.4749767245646142	-0.48754999689310435	0.5694593729359869	-0.30047710571485825	0.15368705102376864	0.5979024431409204	-0.7270532771227689	0.8011076239598517	-0.5923008291738211	0.019836950688529663	-0.08374245029126984	-0.20801488992687062	0.2212599694791391	0.7462412101660564	-0.5923663458744951
17:55:00.420560	-0.4622759294303017	0.47698526386292683	-0.4875442466714088	0.5666450658609613	-0.2995663890441458	0.150393557987933	0.5982172328895013	-0.7278584330381903	0.802541837079017	-0.5905081963449303	0.01660136738044662	-0.08337304353562532	-0.20801488992687062	0.2212599694791391	0.7462412101660564	-0.5923663458744951
17:55:00.431090	-0.463797196486753	0.4788725889768475	-0.48772251574228753	0.5636487839919941	-0.29839426326091767	0.1468473302118568	0.5986805744173331	-0.728682574978952	0.8041574223367222	-0.5884540196393425	0.013122872546671367	-0.08294876181826227	-0.2039163642127046	0.22485120794959704	0.7476729906033018	-0.5906311453116858
17:55:00.441218	-0.4653956930207632	0.48089871020466796	-0.48791779278793196	0.560427967648085	-0.2969992466258203	0.14312849020500382	0.5994306619630458	-0.7293754618122795	0.8059614529909416	-0.5861149438146166	0.009277254135147529	-0.08251873414947013	-0.20159692140608515	0.2268041658931312	0.7487711267968067	-0.5892880036862707
17:55:00.451345	-0.4670839992563638	0.48301355940348395	-0.48801824879836464	0.5571073755667174	-0.2952953453285116	0.13934668734704256	0.600478629049586	-0.7299373780040658	0.8080344775409634	-0.5833668355870177	0.004943786742262862	-0.0820912736832537	-0.20159692140608515	0.2268041658931312	0.7487711267968067	-0.5892880036862707
17:55:00.461932	-0.46898592404469974	0.4854040934314806	-0.4879064909960086	0.5535181344561924	-0.29346781420047785	0.13574717528740907	0.6018897911461965	-0.7301904037604652	0.8102558331788714	-0.5803323888410328	0.0006713984305060329	-0.08184957230078091	-0.19671651158668782	0.23071312869924912	0.7518318305072357	-0.5855108580983854
17:55:00.472196	-0.47105333760249707	0.4878984686180826	-0.4877153693679132	0.5497249820919528	-0.291677140288132	0.13250283983375907	0.6036172666770508	-0.7300778305349729	0.8126821397041957	-0.5769036113018443	-0.0032958945207680486	-0.08197011743317573	-0.19384653802775456	0.23272570828080233	0.7539019010449699	-0.5830044493832216
17:55:00.482404	-0.47296507739986077	0.4904212668612571	-0.4874915567418619	0.5460247235022783	-0.2900335932664327	0.12975829530396377	0.6055794007553756	-0.7296004995595404	0.8154248727686418	-0.5729336287933563	-0.0070800363204462915	-0.0823359396231211	-0.1907312971672736	0.2350419921251746	0.7563335150389934	-0.5799452114186988
17:55:00.492771	-0.4755330344776072	0.4951866908890806	-0.48737405728451977	0.539560008314985	-0.2885784775468501	0.12756535915247816	0.6077360196560886	-0.728770520708416	0.8183231869503668	-0.5686207809077062	-0.010803550689208243	-0.08307136998877072	-0.18780695776116393	0.2374290106242859	0.7591014409085459	-0.5762994134484595
17:55:00.503269	-0.4762543382736346	0.49737236993359585	-0.4874237018394523	0.5368618684422517	-0.28723685709420566	0.12616204496679198	0.6101189170237313	-0.7275527702003679	0.8213988976961689	-0.5638954091109306	-0.014526150813767886	-0.0843493295152404	-0.18523823408375512	0.2400467791273176	0.7621927733897641	-0.5719497501149488
17:55:00.513456	-0.4766976282211705	0.4992812546541837	-0.48750114681209844	0.5346215781804395	-0.28723685709420566	0.12616204496679198	0.6101189170237313	-0.7275527702003679	0.8281932654954116	-0.5529833433111083	-0.021240419809300852	-0.08862382058363459	-0.18273531635824097	0.24242641168167442	0.7657305541184006	-0.5670043717328186
17:55:00.523540	-0.4769307212838847	0.5007345325586114	-0.48773398947779917	0.5328391600727301	-0.285453911905008	0.12615634721138583	0.6154012815347863	-0.7237968657860787	0.8281932654954116	-0.5529833433111083	-0.021240419809300852	-0.08862382058363459	-0.18273531635824097	0.24242641168167442	0.7657305541184006	-0.5670043717328186
17:55:00.533631	-0.4770000152765267	0.5017197857419129	-0.4881086528683793	0.5315055832409462	-0.2851644310458938	0.12805543157840008	0.61824283434586	-0.7211510601042883	0.8359252913997575	-0.539909106872244	-0.027038179329007928	-0.09484724757850636	-0.18273531635824097	0.24242641168167442	0.7657305541184006	-0.5670043717328186
17:55:00.543935	-0.4770000152765267	0.5017197857419129	-0.4881086528683793	0.5315055832409462	-0.28516295700334615	0.13116763583052032	0.6213525047718459	-0.7179123930379618	0.8359252913997575	-0.539909106872244	-0.027038179329007928	-0.09484724757850636	-0.17419135063722085	0.24926330623770496	0.7799548948118589	-0.5469876960093809
17:55:00.554090	-0.47728931307684	0.5020082608768555	-0.4890079253672177	0.5301451372615643	-0.2854035345572979	0.13513332453162052	0.624823777430081	-0.7140581588506903	0.8444275980011536	-0.5249672403619748	-0.03564479343929698	-0.10040357056103344	-0.1702875768558079	0.25140305701400456	0.7861304623307548	-0.5383284687699734
17:55:00.564164	-0.4775872541366906	0.5015123919797044	-0.48936672251348057	0.5300150434406418	-0.28564088727914116	0.13970769038075942	0.6286540895246056	-0.709707743008943	0.8488304291521593	-0.5169766114128704	-0.041321507193212904	-0.10254081548685033	-0.1702875768558079	0.25140305701400456	0.7861304623307548	-0.5383284687699734
17:55:00.574231	-0.4779738628124352	0.5008013720311622	-0.48969279802632715	0.5300376739449862	-0.2859429967523643	0.1447109595090407	0.6327366162927983	-0.7049395117374189	0.8533039266607686	-0.5085889150178231	-0.04760582667873539	-0.1046107524709647	-0.15954656827956404	0.255677342969814	0.8007235766104057	-0.5177023688398096
17:55:00.584322	-0.47844054261676655	0.5001684203016203	-0.48997584846630976	0.5299527020718694	-0.2861277191000565	0.1498996753647054	0.6373177565790935	-0.6996335418182483	0.8576574146666249	-0.5001170549230234	-0.05407660613397592	-0.10668838320788929	-0.15954656827956404	0.255677342969814	0.8007235766104057	-0.5177023688398096
17:55:00.594392	-0.47900181402116876	0.4997536765042469	-0.49023223371789343	0.5295997375460858	-0.28608183915220586	0.15503474961523425	0.6427838378732409	-0.6935058366646817	0.8617634836084146	-0.4918259190393516	-0.06066951644640301	-0.10858256514904523	-0.15954656827956404	0.255677342969814	0.8007235766104057	-0.5177023688398096
17:55:00.604466	-0.4798153158846507	0.4995304090064854	-0.4904968678856447	0.5288283802092117	-0.2856403472661234	0.15978769853476735	0.649160413145831	-0.6866354501589506	0.8656429837280224	-0.48369319932627636	-0.06707619256272274	-0.11047125435716848	-0.15954656827956404	0.255677342969814	0.8007235766104057	-0.5177023688398096
17:55:00.614583	-0.48089610537389577	0.49951183226043444	-0.4906617325930636	0.5277100808557815	-0.2847249468223659	0.1642432651444773	0.6561185805660092	-0.6793116094604356	0.8693320972110367	-0.47571258622922274	-0.07312082092668833	-0.11230576836820244	-0.14575293889401628	0.2591570261909519	0.8180597319918342	-0.4923128999661371
17:55:00.624677	-0.482193120908271	0.49964973262722867	-0.49073831545601254	0.5263229470369647	-0.28338675990176515	0.16809113434621178	0.6627209646808887	-0.6724866079254035	0.8693320972110367	-0.47571258622922274	-0.07312082092668833	-0.11230576836820244	-0.12060332524273008	0.2632399502894205	0.8451387877712973	-0.4493328342292403
17:55:00.634756	-0.48358273555400105	0.4998181271553344	-0.49078490175308875	0.5248426029318257	-0.28112548378962576	0.17108005450766847	0.6690005270990205	-0.6664370728395406	0.8758982386402197	-0.4604401304649026	-0.08605787168021112	-0.11572037213168815	-0.11212265925752862	0.26446787292480756	0.8529134678632035	-0.43591727404315156
17:55:00.645350	-0.48486236186806775	0.4999990519163156	-0.49090483087926345	0.5233754724343758	-0.27776962036715536	0.17315588068152488	0.6751065196398824	-0.6611295380832842	0.8790090726362143	-0.45274887521284807	-0.09289347372256063	-0.11718493399955086	-0.10370040592660666	0.2661786169781823	0.8595109571856828	-0.42383497278066906
17:55:00.655477	-0.4859546076578934	0.49999248253371803	-0.49120355217668	0.5220868769034941	-0.27319096520941877	0.17419280936275275	0.6812684436254541	-0.6564273527317469	0.8820709809626709	-0.4450637692485328	-0.09887593337666253	-0.11871215457877075	-0.09491011505619869	0.2689221652331906	0.8645670609460157	-0.41375927329001344
17:55:00.665549	-0.48681367781338913	0.4997530584172556	-0.49175749776109284	0.5209931737481306	-0.26787693662617407	0.17461743351275552	0.6872395321054271	-0.6522672184378951	0.8849766102529658	-0.4376968944150643	-0.10382407159392336	-0.12024304587891183	-0.08563057309305429	0.27221123021740706	0.8682073430140393	-0.4059365229094113
17:55:00.675695	-0.4874866706638944	0.49920539368473676	-0.49261361198551296	0.5200793690656121	-0.26244536986637246	0.1751670259340672	0.6930388778680603	-0.6481790297629942	0.8876924487187692	-0.4307847430594797	-0.10790980812257865	-0.12158163901593703	-0.07605071383788975	0.2758822042915423	0.8710431277532301	-0.3992357297059686
17:55:00.685768	-0.4879112611724802	0.49840922676188054	-0.4937095561201141	0.5194051579406813	-0.25756057612663075	0.17626420470467052	0.6982210878883071	-0.644267640187847	0.8902735709482709	-0.42432345161335383	-0.11102479264739508	-0.12262166488654025	-0.06622173900025342	0.2795961164609778	0.8735776500558776	-0.39281392830012074
17:55:00.695840	-0.4880407301214315	0.497318142700028	-0.4951208607735183	0.5189857839197765	-0.2536708899731463	0.17828986275542838	0.7027831152913394	-0.6402809518330859	0.8926849313497379	-0.41832780797696595	-0.11364551772003365	-0.12328890751582597	-0.05596828326383873	0.28319829263272817	0.8759616154881281	-0.3864680148600075
17:55:00.705914	-0.48792066925388883	0.4959163669862205	-0.49683190489450274	0.5188048146932769	-0.25091201796165297	0.18139394730771893	0.7066551554269078	-0.6362215702340721	0.8947728073301737	-0.4131457798647985	-0.11608853202878515	-0.12335169465308875	-0.045347651821328994	0.28636767475864827	0.8780843428714136	-0.38066393594835657
17:55:00.716005	-0.48747317274041146	0.4943089052240632	-0.49876433800358616	0.5189053355000599	-0.2493272117014789	0.18542376233759925	0.7097738420750301	-0.6321985945664427	0.89645984546131	-0.40895220021725176	-0.11847406277935607	-0.12280773534882247	-0.034729904719060664	0.2878492630142181	0.879966671941472	-0.37629149840599124
17:55:00.726074	-0.48670996813989403	0.4924474571046733	-0.5009316163185491	0.5193037884291721	-0.24883813599145796	0.19030593770452928	0.7123350221133936	-0.628046215195512	0.8977599545594838	-0.4057589352037153	-0.12066567612781967	-0.121764301403642	-0.034729904719060664	0.2878492630142181	0.879966671941472	-0.37629149840599124
17:55:00.736146	-0.48558697229455305	0.4904696970033972	-0.5032868493641132	0.5199491474330439	-0.24932038665230685	0.19597742020576678	0.7143929316438805	-0.6237587151986722	0.8985776752468845	-0.40375569363932484	-0.12286624509387165	-0.12018064410821325	-0.020568775361010996	0.2857655971520875	0.8795745451855475	-0.3798204423488767
17:55:00.746218	-0.48424003443197944	0.48839031453550535	-0.5057848708517537	0.5207380859306339	-0.25043180583638697	0.2021521181891576	0.7160774911217382	-0.6193960432921412	0.898869425703929	-0.40320034129151594	-0.12426822507864464	-0.11840881957395412	-0.018311126807740868	0.2822355011966459	0.8773471224482241	-0.3876465545198742
17:55:00.756284	-0.482777214216439	0.48625613978032484	-0.5083503688000911	0.5215946994555863	-0.25195141207514704	0.20867778049537977	0.717524418690753	-0.6149250185700355	0.8987638045685593	-0.40387912358778655	-0.12427049956547279	-0.11688507203726935	-0.017456059044436	0.2789307336820718	0.8743288315089011	-0.3967896498177568
17:55:00.766413	-0.4812149657369519	0.48420577412369853	-0.5109399388868625	0.5224148771870334	-0.25371632099021807	0.21550934073044503	0.7188527372198191	-0.6102741144049051	0.8983639299920749	-0.40551192002631603	-0.12298412384904076	-0.11566000729227406	-0.01721194413456638	0.2763066350963901	0.8711563072080352	-0.405518286631415
17:55:00.776483	-0.479603479893938	0.4822889664191776	-0.5134772303827565	0.523181602144418	-0.25566729203766375	0.22234326686397926	0.7200064559962568	-0.6056305893744898	0.8975304402655443	-0.4082680118963771	-0.12072867805816026	-0.114808212046208	-0.017761019039904576	0.2740445893098678	0.8682147623458507	-0.4132641234336559
17:55:00.786579	-0.4780334965004003	0.4805359701158901	-0.5158757804419539	0.5238714888231532	-0.2574425785312118	0.2288785371010062	0.7209979090064497	-0.6012486583952033	0.896244718356683	-0.41217247228702536	-0.11743222814752506	-0.11431941960515304	-0.019836721225835602	0.2719156709572234	0.8654303700342246	-0.420355381791784
17:55:00.796646	-0.4780334965004003	0.4805359701158901	-0.5158757804419539	0.5238714888231532	-0.2591609479306175	0.23511256981364545	0.7217565259725746	-0.5971810444072448	0.8946494075800936	-0.41699036380046384	-0.11267040567559372	-0.11413524301915506	-0.023864551976184128	0.27032250819058695	0.862419742771053	-0.42730365315924573
17:55:00.806737	-0.4751436214572141	0.4777070167174843	-0.5201861381733893	0.5248246629300687	-0.26086849154087005	0.24103174382192227	0.7223627977038365	-0.5933323833104347	0.8926938418838537	-0.42272648358317866	-0.10638352019715282	-0.11437906876045001	-0.029723565018373612	0.2699534457418203	0.8586875487546167	-0.43462321662389836
17:55:00.816858	-0.47393298477311085	0.47661850329597205	-0.5220281801370789	0.5250799057312393	-0.26251346906440765	0.24688839394687953	0.7228428305347081	-0.5896024438879743	0.8903088859443786	-0.42937704892155365	-0.09930297918910701	-0.11456158078546642	-0.03759689699589954	0.27068545158573776	0.8539256264117377	-0.44286215032832316
17:55:00.826949	-0.4729599924669755	0.4757676011459639	-0.5236190186313309	0.5251448929133897	-0.2642750939457935	0.25255666021886686	0.7231860480747592	-0.5859827198553265	0.887350684341326	-0.437022348320532	-0.09247051085273826	-0.11432162826876487	-0.03759689699589954	0.27068545158573776	0.8539256264117377	-0.44286215032832316
17:55:00.837018	-0.4722244485493321	0.47509307322062827	-0.5249583148472025	0.5250803839821512	-0.2659327059811434	0.2581201316488996	0.7234565903131726	-0.5824640379109597	0.883789992596225	-0.44561814474758554	-0.08624276654271174	-0.11358654531916952	-0.05920182581283503	0.27312182527055334	0.841520385883886	-0.46232353663116016
17:55:00.847086	-0.47155318248863703	0.47454387701904643	-0.5261180990230457	0.5250194765424872	-0.26769249429720604	0.26348118966735945	0.7234899287275606	-0.5792069701049899	0.8795269979374796	-0.45526661190948375	-0.08026217920109546	-0.1127943020255699	-0.07201945919079981	0.27349084460506273	0.8345712584533871	-0.4727650261796063
17:55:00.857159	-0.47094657000088286	0.4741203934379028	-0.5271598658757938	0.524901568430222	-0.26935202125095953	0.2685585527995064	0.7235211556557613	-0.5760580957549413	0.8748101518480894	-0.4654505140580151	-0.07336369235480385	-0.11260899533661654	-0.08508643402823346	0.27253294686948526	0.8279141973880622	-0.4827464897627679
17:55:00.867230	-0.4704019630711276	0.47369788963215537	-0.5280806778891133	0.5248457870051416	-0.2719680114585847	0.2772779793663263	0.7236204541860367	-0.5705468965697598	0.8698027105803365	-0.4758249899434639	-0.06481864280656216	-0.11328003865252295	-0.0980200641012399	0.26964672677414564	0.822001384380759	-0.4919313304209175
17:55:00.877302	-0.46979422628203443	0.4732732792764577	-0.5289381271872301	0.5249097500357927	-0.27282307952994844	0.2808185657533094	0.7238051230750915	-0.5681677958264632	0.8643105615207257	-0.4866286354780557	-0.055724563425494145	-0.1142567171221523	-0.11071706319536528	0.26464673980986986	0.8171334300218028	-0.49999679255591645
17:55:00.887966	-0.4691724728662312	0.4728955795196513	-0.5297187318857839	0.5250190726675323	-0.2733101347998227	0.2838690122719909	0.7241070654901957	-0.5660290732768101	0.8583929197779944	-0.4977384997717253	-0.04730194203839204	-0.11480639093447152	-0.1229223724614009	0.2582346364866868	0.8130332291749361	-0.507131078839017
17:55:00.898032	-0.4691724728662312	0.4728955795196513	-0.5297187318857839	0.5250190726675323	-0.2736801225372693	0.2866195038882731	0.72454432083852	-0.5639006806694539	0.8521189111981354	-0.509159512729378	-0.041138037830208675	-0.11383151417409373	-0.13427497826226406	0.25164351607968855	0.8088846758680844	-0.5141510985824148
17:55:00.908163	-0.4678232545324254	0.47179044455781455	-0.5311762275532549	0.5257442289031067	-0.2739165063130387	0.2892358118131663	0.725134138035921	-0.5616875239747985	0.8455301384695748	-0.520880257106717	-0.037537070321142604	-0.11114634968260274	-0.14422685382414796	0.245850938300325	0.8042035658006659	-0.5215482293386984
17:55:00.918253	-0.4670968105861742	0.47112508570687034	-0.5319154193464665	0.5262392134945765	-0.2739165063130387	0.2892358118131663	0.725134138035921	-0.5616875239747985	0.8386211005585664	-0.5328967124437295	-0.0357054835390656	-0.10705541560260011	-0.15253036455102853	0.2406061212725708	0.7990906493405624	-0.5294311252963672
17:55:00.928854	-0.46630339285518035	0.47033166823848427	-0.5327089022041903	0.5268495925557483	-0.2745423143820056	0.29492851558333727	0.7265788595827912	-0.5565310854902461	0.8316279367292415	-0.5446934097153578	-0.034119634248194204	-0.10266408730851995	-0.1593639153187827	0.23480389974391305	0.7940119396331076	-0.5376014424082106
17:55:00.939032	-0.4655187906769716	0.469364035702886	-0.5335735240721234	0.5275309961742579	-0.27483772155763986	0.2980307782291706	0.7274074984507998	-0.5536426764933047	0.8246448732633294	-0.5560905514249274	-0.03155513281601224	-0.09863267820246764	-0.1697350209096084	0.21923343944887214	0.7847727072476609	-0.5543090470697819
17:55:00.949107	-0.4647064751006627	0.4684905309788136	-0.5343453098905045	0.5282419939580031	-0.27496077922299994	0.3010835791136645	0.7283256334002349	-0.5507150079753892	0.8177640636947366	-0.5669659940036131	-0.02813772453823508	-0.0949724498513965	-0.17358369435287313	0.21075404240522885	0.7801500637195584	-0.5628652705071012
17:55:00.959213	-0.46397107770976026	0.4676330435953937	-0.5350742486558101	0.5289099394149938	-0.2749012408105939	0.30401489353409594	0.7292451210490621	-0.547910399368717	0.810970612092584	-0.5773900798070178	-0.024474991755033208	-0.09136923355931349	-0.17681861776986163	0.20281956052787373	0.7753896168962107	-0.5712883197535054
17:55:00.969576	-0.46320380403773054	0.4668659766879168	-0.5357148225114192	0.5296112014277754	-0.27454084975002857	0.306645893540272	0.7302371557157273	-0.5452974547947432	0.8042168695318781	-0.5874762727113181	-0.021118627569674395	-0.08752633507200312	-0.17975125586569216	0.19555960060905864	0.7705805111390028	-0.5793544722163497
17:55:00.980049	-0.46245516993356117	0.4661172143041582	-0.5363674321467778	0.5302640248624494	-0.27392660731048496	0.3090829633289429	0.7312644122519877	-0.5428483167155644	0.7975366446871833	-0.5972217087521304	-0.01818825439020285	-0.08325093620213653	-0.18286502142520758	0.1889076239355866	0.7657625363153052	-0.5869259165636836
17:55:00.990158	-0.4617377876278643	0.4654609872372893	-0.536934212526414	0.5308916426684949	-0.27324461406511336	0.31139022134469696	0.7322735938247108	-0.540507996908788	0.7909002340525452	-0.6066335411520486	-0.015319953599875662	-0.07898015919617174	-0.18652022631538756	0.18279714588173618	0.7606680564688073	-0.5942890849584191
17:55:01.000275	-0.46026844175951537	0.4640526405911146	-0.538149695132429	0.5321682195599011	-0.27251847680152985	0.3135335756616929	0.7333279952453261	-0.5382011037930324	0.7843512528669665	-0.6156525630432722	-0.01214581739323993	-0.07495006914019414	-0.19097646371674218	0.1773658049091891	0.7551169092692662	-0.6015544986871878
17:55:01.010402	-0.459596246079887	0.4633804382786856	-0.5388811761805209	0.5325945343018718	-0.27166319862777283	0.3155467842969188	0.7343023910785744	-0.5361243623334884	0.7777588329983847	-0.6244409181830396	-0.00860582244783585	-0.07134898185475254	-0.19635489182796975	0.17291681956749713	0.7491027626374488	-0.6085964023676365
17:55:01.020641	-0.459596246079887	0.4633804382786856	-0.5388811761805209	0.5325945343018718	-0.2709335375737584	0.31750310035113566	0.735103295007512	-0.5342377234474222	0.7710728098797455	-0.6330695150853098	-0.004638766211577666	-0.06817765603068754	-0.19635489182796975	0.17291681956749713	0.7491027626374488	-0.6085964023676365
17:55:01.030954	-0.4588094797397218	0.4626547633932541	-0.5398045814577757	0.5329685216292738	-0.27032811793354095	0.3194620386688086	0.7356660206486721	-0.5325994935850256	0.7642365724952203	-0.6416144756864272	-0.0003051819233668318	-0.06536996798517537	-0.20929550338254668	0.16681382640551184	0.7363490676019374	-0.6214165995735514
17:55:01.041104	-0.4579611671498071	0.46198961404196853	-0.5405443284391166	0.5335250649148959	-0.2698934266743032	0.3215283970421143	0.7359509133511416	-0.5311810249539712	0.7573262655770338	-0.6499651355681684	0.004394543127139461	-0.06311052213141947	-0.21697873971829865	0.16497708395458827	0.7296100856800399	-0.6271936791407137
17:55:01.051580	-0.4561157727815808	0.46093755065522524	-0.5419922470628178	0.5345459571819998	-0.2695924825032882	0.32360863532543227	0.7360234880025249	-0.5299686496663011	0.7502560512778959	-0.6582135744370996	0.009643707785706763	-0.06146337810257412	-0.22545849442182397	0.16375342190951644	0.7223338607152915	-0.6329194875891485
17:55:01.061946	-0.45519306144787536	0.4604420026230587	-0.5426550696343604	0.5350868288701426	-0.26953326370932024	0.3258080982066013	0.7359063769346182	-0.5288125445601337	0.7430998466167732	-0.6662569138126239	0.015441828434829044	-0.06054661583932969	-0.23456197692235956	0.16327173777447612	0.7144282955701844	-0.6386824164755582
17:55:01.072545	-0.45422320470803734	0.4600215390868688	-0.5433344488458679	0.5355829913078511	-0.269715744566087	0.32806565445637415	0.7355384561588401	-0.5278347497188324	0.7358362294819732	-0.6741299896008953	0.021728408899766297	-0.06018036846957744	-0.24415034216675255	0.16339761649509912	0.7060827895462484	-0.6443127529780599
17:55:01.082636	-0.4532376615678733	0.4595851860498365	-0.5439950548820973	0.536121683168893	-0.27007640314272613	0.33037820795741846	0.7350350560560115	-0.5269083815437637	0.7283364103630267	-0.6819494438101146	0.028503570237118366	-0.060486162965705144	-0.2540254567686481	0.16406065059926142	0.6975019029197767	-0.6496508798283254
17:55:01.092707	-0.4532376615678733	0.4595851860498365	-0.5439950548820973	0.536121683168893	-0.2705674073107692	0.3327008656104225	0.7343710906300869	-0.5261202461129778	0.7206972466402268	-0.6896306055037198	0.035461136542849915	-0.061217762396692715	-0.26403986138683616	0.16510120782510213	0.6889084409323207	-0.6545454169007006
17:55:01.103234	-0.45135518980672273	0.4586794119536878	-0.5452883388415498	0.5371706592953301	-0.27130153281272795	0.3350833329902984	0.7335822548652817	-0.5253300996443531	0.7128437692938824	-0.6972794948551513	0.04235924102148766	-0.062135025014228296	-0.2739833874947183	0.1664407880815542	0.6805334752876161	-0.6588662659847369
17:55:01.113358	-0.4504308585642013	0.45824320949864816	-0.5458880215444738	0.5377094666599748	-0.27203958809188916	0.3373486209073079	0.7327429335972917	-0.524669575776953	0.6967831257389944	-0.7122861840727106	0.05529831043443666	-0.0639043388795311	-0.28375535682326	0.16790944001307553	0.6724312252359336	-0.6626654998989316
17:55:01.123447	-0.44959704954300234	0.45777598039268497	-0.5464014101967087	0.5382835161444118	-0.2728304999474414	0.33960378114263173	0.7317594773758109	-0.5241763609728471	0.6886595319995598	-0.7196043501085535	0.06121824963179637	-0.0645751825627523	-0.28375535682326	0.16790944001307553	0.6724312252359336	-0.6626654998989316
17:55:01.134760	-0.44922836439524255	0.4569799951395626	-0.547252923256487	0.5384026361862003	-0.27367559646123124	0.3416672589183703	0.7307577868934705	-0.5237921429148721	0.6805430899388925	-0.7267467777490935	0.06689463915453149	-0.06500254625873726	-0.29321157495472705	0.169554903252338	0.6644867644737954	-0.6661347062980622
17:55:01.145402	-0.4489080037799363	0.45617109724694	-0.5480278675649283	0.5385675357381587	-0.2745286089207993	0.3436185122774789	0.7296552956087495	-0.5236062552093235	0.6724920192598639	-0.7336498521967293	0.07232737727563429	-0.06543033623584807	-0.31091984739282863	0.17285532151874572	0.6491840394326905	-0.6723168667122119
17:55:01.155471	-0.4486808699132357	0.4553949082332542	-0.548659004169511	0.5387710568254838	-0.27539208744638793	0.34539978343508626	0.7285194937411539	-0.5235623506460806	0.6645982552327113	-0.740280304685238	0.07739099895629332	-0.06561145416247265	-0.31890980221772336	0.17431701342274025	0.6418479387792495	-0.6752342855377366
17:55:01.165570	-0.44853885912566344	0.45464225903212235	-0.5491228895841059	0.5390522797384487	-0.2762987559427124	0.34709764193642706	0.7273364865406016	-0.5236065887414468	0.656917205678395	-0.7465772795557118	0.08227486697523705	-0.06567341013750376	-0.3264188094080388	0.1754165404335646	0.6347710579363507	-0.6780453540975885
17:55:01.175665	-0.44848482947714663	0.45379487032697136	-0.549619745433003	0.5393048384948378	-0.27728484431244993	0.3486354899213546	0.7260797948362105	-0.5238077336318392	0.649478263573271	-0.7525061095380939	0.087036557076918	-0.06585725461850948	-0.3334891112300483	0.17571653573047386	0.6277944725681327	-0.681016014477467
